0:
- cam_R_m2c: [-0.5609894622486579, -0.8168135891830434, 0.1345599634805103, -0.7358176794226111,
    0.4175330029220106, -0.5331402574558144, 0.379292981605362, -0.3980976664046687,
    -0.835257494493807]
  cam_t_m2c: [-54.672247924122615, -9.410150093030644, 586.5713408435314]
  obj_bb: [186, 197, 123, 77]
  obj_id: 3
1:
- cam_R_m2c: [-0.5654951856929931, -0.8138042519165397, 0.13393220120870497, -0.7336208658637146,
    0.42213372934276966, -0.5325444016422851, 0.37684959881552416, -0.3994067527142312,
    -0.8357383715965494]
  cam_t_m2c: [-54.675798746172916, -9.776685293399389, 585.876094955773]
  obj_bb: [186, 196, 123, 78]
  obj_id: 3
2:
- cam_R_m2c: [-0.4544629558760002, -0.868363507231115, 0.19851509022169078, -0.8100174201918632,
    0.3101557754947289, -0.49766974381911344, 0.3705876424304613, -0.386973144076615,
    -0.8443438784294536]
  cam_t_m2c: [-38.06517389066545, -21.84779503920581, 586.8294180310768]
  obj_bb: [201, 188, 126, 64]
  obj_id: 3
3:
- cam_R_m2c: [-0.23591115944357327, -0.9240621221666271, 0.3007575755104077, -0.908379098941322,
    0.0997397348245383, -0.40607806873024155, 0.3452438811283133, -0.36900024346067906,
    -0.8629284343845779]
  cam_t_m2c: [-3.2691068769211373, -39.46041390823571, 587.5913345329482]
  obj_bb: [236, 178, 128, 44]
  obj_id: 3
4:
- cam_R_m2c: [0.07470857824935334, -0.9069294320037882, 0.41460539516659284, -0.9416138155458393,
    -0.20103717601307428, -0.2700879046419785, 0.32830176775211944, -0.3702202847305568,
    -0.8689964844951094]
  cam_t_m2c: [44.203162371661826, -46.35216384273204, 587.2434968088021]
  obj_bb: [288, 171, 125, 57]
  obj_id: 3
5:
- cam_R_m2c: [0.44664210404405996, -0.7435144616964886, 0.4976917481165186, -0.8293994367958653,
    -0.5526990208023338, -0.08136563554009207, 0.3355702685545858, -0.3764439369312813,
    -0.8635291293348945]
  cam_t_m2c: [102.04441640796506, -31.458745678360135, 584.1168088556497]
  obj_bb: [364, 160, 107, 96]
  obj_id: 3
6:
- cam_R_m2c: [0.7304917971941386, -0.4848330976505516, 0.48095592485657984, -0.5965830180055575,
    -0.7957977803702238, 0.1038970422351172, 0.33237093263319234, -0.3628260742840786,
    -0.8705669434111004]
  cam_t_m2c: [149.7938310903456, 1.7343194160430593, 584.862425147575]
  obj_bb: [436, 179, 76, 118]
  obj_id: 3
7:
- cam_R_m2c: [0.7129511988952001, -0.4941548100800108, 0.4975053885825619, -0.5952341909376176,
    -0.8015378816382662, 0.056861957736971835, 0.3706708053417981, -0.33667201840014843,
    -0.8655952322498278]
  cam_t_m2c: [140.50396068604067, 34.1997539689594, 578.1449742584533]
  obj_bb: [426, 214, 79, 118]
  obj_id: 3
8:
- cam_R_m2c: [0.6914839070243057, -0.507688374497589, 0.5139090588094328, -0.5984816040844775,
    -0.8010149019156447, 0.013960532996304786, 0.40456121403178513, -0.31721860177024,
    -0.857731066705679]
  cam_t_m2c: [135.36061693332567, 51.880509060151795, 575.5523689103195]
  obj_bb: [419, 234, 82, 117]
  obj_id: 3
9:
- cam_R_m2c: [0.7502329942290153, -0.4671666376621709, 0.46787368704126564, -0.6002457670020237,
    -0.777956898287135, 0.18570967557887996, 0.27722819763927076, -0.42016472610499145,
    -0.864063729924361]
  cam_t_m2c: [158.92763454787533, -28.725821877453704, 583.1879817700644]
  obj_bb: [448, 146, 73, 119]
  obj_id: 3
10:
- cam_R_m2c: [0.6989707689762308, -0.5562945540554283, 0.449417660139262, -0.6539731399903295,
    -0.7515123516004896, 0.08688105410900201, 0.2894114653706136, -0.3546343955684145,
    -0.889086862568478]
  cam_t_m2c: [169.19169121005567, -62.08368971478941, 585.0791421142517]
  obj_bb: [451, 112, 84, 117]
  obj_id: 3
11:
- cam_R_m2c: [0.7314544037457974, -0.5756431089463035, 0.36552628682970806, -0.6334819942707094,
    -0.772017468205258, 0.051861273805687, 0.252339093633319, -0.2694884782482871,
    -0.9293551215309127]
  cam_t_m2c: [226.59174677331285, -49.13159616622744, 576.1540901473917]
  obj_bb: [514, 124, 88, 119]
  obj_id: 3
12:
- cam_R_m2c: [0.6471736218239569, -0.6080821566948983, 0.4597851606180255, -0.6377572186892756,
    -0.7622760765070119, -0.11045774393312635, 0.41765061142656296, -0.22174596703064914,
    -0.881133754251113]
  cam_t_m2c: [135.77125812680785, -43.47828027440446, 591.5641261373723]
  obj_bb: [408, 135, 93, 114]
  obj_id: 3
13:
- cam_R_m2c: [0.21339794478571544, -0.8665222877895381, 0.4512210566066458, -0.9203594542289398,
    -0.33323630728200243, -0.2046754467943407, 0.32771907508206, -0.37160824570108775,
    -0.868623922969152]
  cam_t_m2c: [49.8961653071823, -93.14110774842769, 586.422139344744]
  obj_bb: [297, 109, 122, 76]
  obj_id: 3
14:
- cam_R_m2c: [-0.20360596146927704, -0.919912412861265, 0.3351205232717575, -0.9082111808357853,
    0.04962954012325491, -0.4155590929723746, 0.365646090446814, -0.3889705148348902,
    -0.8455796089842993]
  cam_t_m2c: [-33.014290964480786, -76.35174781376513, 585.9812725844589]
  obj_bb: [203, 143, 129, 43]
  obj_id: 3
15:
- cam_R_m2c: [-0.6022222115250884, -0.7866868056364149, 0.1358391614498771, -0.7116274892003294,
    0.4518727094550514, -0.5379566628123368, 0.36182139870420493, -0.42063633258115585,
    -0.8319557386979242]
  cam_t_m2c: [-108.6596000636171, -25.410712842670375, 584.8592700708512]
  obj_bb: [127, 179, 125, 80]
  obj_id: 3
16:
- cam_R_m2c: [-0.7769241792228108, -0.6295757674798276, 0.004813807344310916, -0.5337232828205233,
    0.6545438510296782, -0.5354547641533525, 0.33395849609531675, -0.4185769942094582,
    -0.8445501896301544]
  cam_t_m2c: [-140.4700964258851, 18.5461471644575, 585.6711035769187]
  obj_bb: [104, 218, 112, 105]
  obj_id: 3
17:
- cam_R_m2c: [-0.728852230344947, -0.6831748817492439, 0.045238338476377205, -0.5952963561353549,
    0.599685545714574, -0.5347892057932568, 0.33822577473215343, -0.41671252345942317,
    -0.8437736652082206]
  cam_t_m2c: [-99.12116713212858, 3.461054054352708, 592.8544493600573]
  obj_bb: [148, 204, 113, 98]
  obj_id: 3
18:
- cam_R_m2c: [-0.6718258567857951, -0.73594888826446, 0.08384063463701744, -0.6604547041930773,
    0.5439416205363625, -0.5176167473696257, 0.3353350591024855, -0.40312125633682644,
    -0.8514949505582234]
  cam_t_m2c: [-62.1989107227851, -9.062778381966355, 598.0560697220649]
  obj_bb: [186, 194, 114, 89]
  obj_id: 3
19:
- cam_R_m2c: [-0.7671187689259561, -0.6412954100813448, 0.01640095637838082, -0.550200258280815,
    0.644574183030224, -0.5308519552178779, 0.32986128925542346, -0.41625030880411273,
    -0.8473058540286565]
  cam_t_m2c: [-134.26271340100487, 16.232404557858874, 587.6881760524775]
  obj_bb: [110, 216, 113, 103]
  obj_id: 3
20:
- cam_R_m2c: [-0.7508817579851407, -0.641519944230281, 0.15693548572557528, -0.5954879957669805,
    0.5548859120841764, -0.5809437765119243, 0.28560572897364933, -0.5296732820572407,
    -0.7986711349811896]
  cam_t_m2c: [-186.02449727943272, 35.14039145563404, 576.4933544730957]
  obj_bb: [44, 238, 124, 99]
  obj_id: 3
21:
- cam_R_m2c: [-0.7238963413128625, -0.658428839298895, 0.20602317979625928, -0.6060479458417624,
    0.4641938888513977, -0.6459333718689542, 0.32966645928094074, -0.5924487295391276,
    -0.7350677033393873]
  cam_t_m2c: [-184.14474657355652, 86.10841297673775, 602.2338861983827]
  obj_bb: [55, 291, 122, 92]
  obj_id: 3
22:
- cam_R_m2c: [-0.7000864612886499, -0.6896426440677648, 0.18512690297079534, -0.6481850268388429,
    0.5050092647756945, -0.5699314112001913, 0.29955820419788964, -0.5189977514151051,
    -0.8005661848490733]
  cam_t_m2c: [-148.13974212199196, 17.707966601267707, 582.8895906416767]
  obj_bb: [87, 221, 123, 91]
  obj_id: 3
23:
- cam_R_m2c: [-0.6680128329430234, -0.730484096861992, 0.1419571740179278, -0.6970234148989464,
    0.5474098858845676, -0.46314228474460845, 0.2606093131606153, -0.4083324638913303,
    -0.8748413483748857]
  cam_t_m2c: [-96.46284000027269, -89.24485711888029, 538.4046668097982]
  obj_bb: [129, 98, 130, 93]
  obj_id: 3
24:
- cam_R_m2c: [-0.6409933726427969, -0.7547269987163798, 0.1396948590198592, -0.7164522112631981,
    0.5230364328956888, -0.46165909374756986, 0.27536108149861394, -0.3960051101593508,
    -0.8759887142672526]
  cam_t_m2c: [-65.36211295743429, -78.91519449616376, 541.797026002885]
  obj_bb: [166, 111, 129, 91]
  obj_id: 3
25:
- cam_R_m2c: [-0.5072565262664462, -0.8487937185513574, 0.14913094885991063, -0.8224979696433425,
    0.4251629615293939, -0.3778009344564071, 0.25727010415646323, -0.314301892280836,
    -0.9137977971170693]
  cam_t_m2c: [43.04240941462654, -62.21046399360096, 533.4998509475577]
  obj_bb: [289, 131, 132, 83]
  obj_id: 3
26:
- cam_R_m2c: [-0.5328645276298322, -0.8226417218106411, 0.19828260823950225, -0.7927666661957485,
    0.4033711729638512, -0.456960293450805, 0.29593311433956615, -0.40068977321388055,
    -0.867105124814226]
  cam_t_m2c: [-10.608340696419388, -33.55849058367777, 535.6561210984762]
  obj_bb: [226, 165, 132, 81]
  obj_id: 3
27:
- cam_R_m2c: [-0.5357567993800609, -0.8431959862616835, 0.04455536634593674, -0.7489073998096331,
    0.45014949724173436, -0.4863158815455123, 0.3900030236144435, -0.2939148837422175,
    -0.8726463674859315]
  cam_t_m2c: [76.70028889638225, 11.682968460716467, 540.3923994521208]
  obj_bb: [329, 215, 129, 89]
  obj_id: 3
28:
- cam_R_m2c: [-0.4864822490823562, -0.852454131143669, 0.19146011496879745, -0.7983659773249404,
    0.34472171849202743, -0.4937395093061688, 0.35488982456216644, -0.3930507487538933,
    -0.8482713724547344]
  cam_t_m2c: [91.1311418560698, 10.093340321464805, 527.6369987238161]
  obj_bb: [347, 216, 131, 79]
  obj_id: 3
29:
- cam_R_m2c: [-0.4887662942690655, -0.8514456894534906, 0.1901256097887808, -0.7966399561396712,
    0.34674968964898467, -0.495105476651305, 0.3556294277309857, -0.3934525265383402,
    -0.8477752175502234]
  cam_t_m2c: [89.78387709665837, 10.327450427425383, 525.7085265901326]
  obj_bb: [345, 217, 132, 79]
  obj_id: 3
30:
- cam_R_m2c: [-0.6460345128768122, -0.758408567229548, 0.08634728325109323, -0.6872973823283604,
    0.5287570997464165, -0.4980343740268761, 0.3320567969739575, -0.3810936559700028,
    -0.8628475583571026]
  cam_t_m2c: [-0.6161715671703372, -8.674262707392366, 499.27261169264807]
  obj_bb: [237, 185, 135, 105]
  obj_id: 3
31:
- cam_R_m2c: [-0.7106447025631153, -0.6971285600503343, 0.09484659973414603, -0.6362399792965188,
    0.5792453536570497, -0.5095817000359071, 0.3003045045678592, -0.42247673430482197,
    -0.8551787026741171]
  cam_t_m2c: [-82.34142099116404, -7.640434998369653, 495.60044456536787]
  obj_bb: [133, 184, 138, 113]
  obj_id: 3
32:
- cam_R_m2c: [-0.6584481351714337, -0.7456008878728001, 0.10259322244940906, -0.6855073942675461,
    0.5378595332544485, -0.4907002495330793, 0.31068579898955945, -0.39342907682401823,
    -0.8652675284648212]
  cam_t_m2c: [-44.47250739488317, -0.6728661129613498, 491.8591386994583]
  obj_bb: [179, 193, 139, 110]
  obj_id: 3
33:
- cam_R_m2c: [-0.5207779012862426, -0.8375829978253035, 0.1650608956896662, -0.787331134172667,
    0.39649202010800483, -0.4721268507012242, 0.33000009499131827, -0.37583081265996776,
    -0.8659394537501278]
  cam_t_m2c: [-21.75910027213726, -14.661001162248699, 493.08524896608355]
  obj_bb: [202, 182, 147, 89]
  obj_id: 3
34:
- cam_R_m2c: [-0.8508684203180329, -0.523940947492924, -0.038843465933318125, -0.4733835722068588,
    0.7966311301251398, -0.37588141225686705, 0.22788357744727783, -0.3014377648135021,
    -0.9258533086153934]
  cam_t_m2c: [-65.65584179203834, 32.01905476435019, 493.89354252080545]
  obj_bb: [173, 225, 112, 142]
  obj_id: 3
35:
- cam_R_m2c: [-0.8850145168478246, -0.4469440249638737, -0.13034701192472387, -0.36936581827200005,
    0.8444978381260143, -0.38780445290473964, 0.2834046528567724, -0.29506683980003734,
    -0.9124786916906892]
  cam_t_m2c: [-38.303962580993876, 24.299869109058765, 482.5282552809993]
  obj_bb: [213, 214, 103, 150]
  obj_id: 3
36:
- cam_R_m2c: [-0.9349518280204606, -0.3063869979680137, -0.17886331864680305, -0.21719820400538392,
    0.8929580813788506, -0.3942725010408898, 0.2805174138231619, -0.3297770040138505,
    -0.9014194962200531]
  cam_t_m2c: [-53.72191674496552, 36.91809011535638, 485.71693134797783]
  obj_bb: [206, 229, 84, 155]
  obj_id: 3
37:
- cam_R_m2c: [-0.8686675152703743, -0.4760096446830593, -0.13722815338953592, -0.3693285347679388,
    0.8068886689672904, -0.4610066260894329, 0.3301714423146887, -0.34977920758801884,
    -0.876721919777837]
  cam_t_m2c: [11.372042745945734, 9.246246275874531, 509.7012474152811]
  obj_bb: [279, 198, 97, 138]
  obj_id: 3
38:
- cam_R_m2c: [-0.8348636911557762, -0.5380521053469879, -0.11620046954047425, -0.41971432148719084,
    0.7588069397897658, -0.4980481065775052, 0.3561495550022488, -0.3670312794007683,
    -0.8593285369479683]
  cam_t_m2c: [37.84534457647672, 1.19702685734005, 512.6698752375869]
  obj_bb: [307, 190, 102, 131]
  obj_id: 3
39:
- cam_R_m2c: [-0.8427780262866149, -0.5080574326641605, -0.17777188620009593, -0.29546834489628815,
    0.7127298497738661, -0.6361718465993056, 0.4499151648618725, -0.48362568827144026,
    -0.7507879448095114]
  cam_t_m2c: [41.453277985719694, 133.30555175603675, 559.8315781899809]
  obj_bb: [314, 339, 89, 128]
  obj_id: 3
40:
- cam_R_m2c: [-0.863984398561686, -0.47623021193631243, -0.1635106855257382, -0.2588567318055357,
    0.6986355322675808, -0.667009434305206, 0.4318844190763992, -0.5339599032626785,
    -0.7268855964089207]
  cam_t_m2c: [11.27923970145417, 176.08510342153684, 557.6689042878762]
  obj_bb: [293, 385, 77, 95]
  obj_id: 3
41:
- cam_R_m2c: [-0.8268020966845079, -0.5252793639754081, -0.20119612993219604, -0.37800516416786034,
    0.7837457841838168, -0.49280284256132667, 0.4165457823343448, -0.3313972473568323,
    -0.8465609698443365]
  cam_t_m2c: [97.37714728689899, 74.80860925776493, 569.5514872128881]
  obj_bb: [376, 274, 87, 124]
  obj_id: 3
42:
- cam_R_m2c: [-0.8183326166337352, -0.4366860449534322, -0.3736803804005683, -0.2996159072602489,
    0.8789605330480712, -0.3710238394772888, 0.4904712393912637, -0.1916603231938735,
    -0.8501201584736231]
  cam_t_m2c: [181.53163740210556, 86.05160900838172, 551.3280245677656]
  obj_bb: [480, 286, 80, 134]
  obj_id: 3
43:
- cam_R_m2c: [-0.6922103780185753, -0.5435413826804598, -0.47477105838203254, -0.17251205881725246,
    0.7634022236595879, -0.6224601468963531, 0.7007741306055855, -0.348969640836292,
    -0.6222023847982063]
  cam_t_m2c: [145.9464367584219, 115.26646945918728, 542.9835442409383]
  obj_bb: [436, 321, 89, 132]
  obj_id: 3
44:
- cam_R_m2c: [-0.7098935698608896, -0.49740797350038546, -0.49863456295006503, -0.13974699814651867,
    0.7933776320069904, -0.592471695138272, 0.6903056540252293, -0.35090916335886757,
    -0.6327249505840434]
  cam_t_m2c: [125.59910693108198, 119.7738185638189, 538.7507678998833]
  obj_bb: [416, 326, 86, 136]
  obj_id: 3
45:
- cam_R_m2c: [-0.7162502978838938, -0.5019162055085298, -0.48483567672888206, -0.1801658195895722,
    0.8042092669800744, -0.5663812605965963, 0.6741852773777038, -0.3183199295540434,
    -0.6664432715661983]
  cam_t_m2c: [119.71378390687657, 81.54432046061899, 531.0316786789291]
  obj_bb: [410, 283, 89, 136]
  obj_id: 3
46:
- cam_R_m2c: [-0.7346552492944719, -0.5215376032845198, -0.4339126560084601, -0.34491379433818564,
    0.8378683771012593, -0.42309698312436334, 0.5842226794290968, -0.16116795901773023,
    -0.7954299150941874]
  cam_t_m2c: [100.99184920467957, -88.80938581139947, 446.3380209435743]
  obj_bb: [397, 54, 114, 156]
  obj_id: 3
47:
- cam_R_m2c: [-0.6705918035469189, -0.5283278004623186, -0.5207459728834577, -0.28180285059328686,
    0.8307828684063394, -0.479986436225059, 0.6862170111657012, -0.17512727035268771,
    -0.7060004622984526]
  cam_t_m2c: [164.5483302599298, -35.561753378458725, 446.4856018206506]
  obj_bb: [487, 129, 112, 156]
  obj_id: 3
48:
- cam_R_m2c: [-0.6634817170929583, -0.5407819712743174, -0.5170559646963209, -0.2356956069408283,
    0.8069566691501784, -0.5415427175974618, 0.7100982973871817, -0.2374358727292761,
    -0.6628609314095324]
  cam_t_m2c: [168.2281564102939, 28.451536535054732, 457.87018825792336]
  obj_bb: [488, 218, 108, 154]
  obj_id: 3
49:
- cam_R_m2c: [-0.7415526392234497, -0.5230443727954353, -0.42014791127383494, -0.2803663996071488,
    0.8105445954478088, -0.5142102106742659, 0.6095033758988223, -0.2635185816548391,
    -0.7477055515980613]
  cam_t_m2c: [87.7301889818695, 10.038841862595124, 478.41022762704677]
  obj_bb: [375, 196, 104, 146]
  obj_id: 3
50:
- cam_R_m2c: [-0.8333714101455413, -0.4929855609881367, -0.24991464424727985, -0.3469948656165199,
    0.8186035803734443, -0.4576928461703893, 0.43021698709814515, -0.2947090342303583,
    -0.8532642786119692]
  cam_t_m2c: [-14.01096021253619, 43.08939333557529, 519.7699303850875]
  obj_bb: [247, 239, 99, 137]
  obj_id: 3
51:
- cam_R_m2c: [-0.913018819589467, -0.40055680957960804, -0.0771419300695951, -0.3233264735686534,
    0.8259277453829613, -0.4618477572710267, 0.24870992454085042, -0.3967336659599536,
    -0.8835981958610265]
  cam_t_m2c: [-98.56874863698131, 57.02420675262449, 501.21274788799263]
  obj_bb: [142, 255, 100, 147]
  obj_id: 3
52:
- cam_R_m2c: [-0.8713886184662697, -0.45911971938726487, -0.17289001959975991, -0.3544522877807686,
    0.8328328473551813, -0.42515058985404325, 0.3391835068136796, -0.30919012215143754,
    -0.8884570991722415]
  cam_t_m2c: [-17.26453748947717, 29.588407300802324, 517.4279811726205]
  obj_bb: [246, 222, 95, 139]
  obj_id: 3
53:
- cam_R_m2c: [-0.8490180645506922, -0.4941480438251694, -0.1870455475288182, -0.3538169300600088,
    0.794639695810939, -0.4933166669031259, 0.3924052829276229, -0.3526548803366505,
    -0.8495014004139343]
  cam_t_m2c: [-24.955296566366904, 23.125565691469617, 513.8048623102908]
  obj_bb: [232, 215, 101, 136]
  obj_id: 3
54:
- cam_R_m2c: [-0.8658579823327159, -0.4752490939682835, -0.156295403365051, -0.38446096593002976,
    0.8319910325337487, -0.3999758585959599, 0.32012453843288374, -0.28623280815754243,
    -0.9031008024730025]
  cam_t_m2c: [-14.099276385814493, -35.631178687162134, 484.1758841644788]
  obj_bb: [244, 138, 103, 145]
  obj_id: 3
55:
- cam_R_m2c: [-0.9779946164953353, -0.18974881996660775, -0.08672897686138006, -0.1344543820753798,
    0.8911042202177804, -0.43342275880575254, 0.1595260143264092, -0.4122240337866554,
    -0.8970076904474056]
  cam_t_m2c: [-23.119587150456116, -46.309088937943486, 479.86224883531503]
  obj_bb: [257, 123, 66, 151]
  obj_id: 3
56:
- cam_R_m2c: [-0.8458795666354612, -0.5069937968620861, -0.16566547223839417, -0.3876436226186674,
    0.7977021505121275, -0.4619563842089461, 0.36636072468494835, -0.32654030227782455,
    -0.8712928614401857]
  cam_t_m2c: [-18.031050420675776, -18.775314794288214, 488.021479448393]
  obj_bb: [236, 161, 107, 141]
  obj_id: 3
57:
- cam_R_m2c: [-0.8882226437584158, -0.45876877123147314, 0.02432590507206027, -0.4305188682861146,
    0.8127090994850121, -0.39262886249472795, 0.1603559763914454, -0.3592146073825856,
    -0.9193752371466839]
  cam_t_m2c: [-128.48222120557352, 13.463378166429244, 486.496957634213]
  obj_bb: [91, 201, 114, 145]
  obj_id: 3
58:
- cam_R_m2c: [-0.8039373596438093, -0.5364207401533171, 0.25678300430968637, -0.5842863294012411,
    0.6319209878471721, -0.5092006975575337, 0.11087924532465591, -0.5594002633639191,
    -0.8214481957522415]
  cam_t_m2c: [-171.6623077772211, 50.12229334923346, 476.67005248120967]
  obj_bb: [11, 252, 142, 135]
  obj_id: 3
59:
- cam_R_m2c: [-0.8086165946832717, -0.5463499208625332, 0.21826810755658654, -0.576028838869317,
    0.6597172131826516, -0.4826634183583655, 0.1197078927794502, -0.5160183742891524,
    -0.8481715969084818]
  cam_t_m2c: [-146.7619003071905, 23.467762274061194, 478.70798468082194]
  obj_bb: [48, 218, 137, 133]
  obj_id: 3
60:
- cam_R_m2c: [-0.804311986636776, -0.52535223605052, 0.2776459188050886, -0.5836089204648548,
    0.6105710710851728, -0.5353537102773755, 0.11172670274491162, -0.5926280412118754,
    -0.7976898825127008]
  cam_t_m2c: [-186.0925897915805, 68.43153169696346, 470.1454708810385]
  obj_bb: [0, 276, 133, 136]
  obj_id: 3
61:
- cam_R_m2c: [-0.800022526878394, -0.5905375164027642, 0.10596885489597493, -0.567744803447505,
    0.6880438170790284, -0.4519530328891203, 0.19398400615891762, -0.4217358740967804,
    -0.8857251593210851]
  cam_t_m2c: [-69.35974292249107, 1.068653814779063, 490.7460834275074]
  obj_bb: [159, 190, 124, 129]
  obj_id: 3
62:
- cam_R_m2c: [-0.7819757043666675, -0.6229200888861889, 0.022012738182179886, -0.5391851632668091,
    0.6582975191215854, -0.5252844334561142, 0.31271929504461193, -0.4226286066753989,
    -0.8506419360262063]
  cam_t_m2c: [-4.6059511352659825, 55.930377610839074, 501.3838170151629]
  obj_bb: [244, 258, 119, 129]
  obj_id: 3
63:
- cam_R_m2c: [-0.7500687527588038, -0.659228726223575, -0.053050472726411224, -0.5136993541884973,
    0.6312464676127397, -0.5810687314188913, 0.41654512317535725, -0.4085895050635562,
    -0.8121236215692443]
  cam_t_m2c: [50.6616347886274, 101.62166215025893, 506.07797155406644]
  obj_bb: [313, 313, 117, 129]
  obj_id: 3
64:
- cam_R_m2c: [-0.6834045728682455, -0.727725843948593, -0.058079995110873056, -0.5832782870079454,
    0.5921311645408959, -0.5560279884003317, 0.43902691225920065, -0.34611526985781865,
    -0.8291318292547943]
  cam_t_m2c: [114.21530819101986, 75.8849137526378, 515.4114608920256]
  obj_bb: [387, 283, 119, 117]
  obj_id: 3
65:
- cam_R_m2c: [-0.6719405779547637, -0.7387477454998719, -0.052417823463735774, -0.531227879507771,
    0.5300825972367128, -0.6609155620353169, 0.5160356574225233, -0.41625017552625515,
    -0.7486274050840421]
  cam_t_m2c: [122.10430501768424, 182.27125420960346, 536.4900889652661]
  obj_bb: [412, 402, 95, 78]
  obj_id: 3
66:
- cam_R_m2c: [-0.6870992014978518, -0.7250421886963089, 0.04699480728208463, -0.5638710657157119,
    0.4913368647172176, -0.6638053228307843, 0.45819658286552245, -0.4825991193323092,
    -0.7464274790426982]
  cam_t_m2c: [29.94881772038636, 206.48173253433907, 546.0122834512713]
  obj_bb: [327, 427, 73, 53]
  obj_id: 3
67:
- cam_R_m2c: [-0.6688769811796692, -0.7136321546750717, 0.2081651552536772, -0.6311372496378518,
    0.3972119860274653, -0.6662495105256627, 0.3927713790076117, -0.5770197448700796,
    -0.7160857894571905]
  cam_t_m2c: [-101.66845466941487, 218.85071495583605, 555.5115656171544]
  obj_bb: [191, 439, 64, 41]
  obj_id: 3
68:
- cam_R_m2c: [-0.3122862561576027, -0.8472486358934626, -0.4297057635077001, 0.08462768481617633,
    0.4257184376790848, -0.9008895419432582, 0.946211101804308, -0.3177004261828217,
    -0.061245326560737834]
  cam_t_m2c: [49.3952051799851, -40.16724578957614, 504.6039409014285]
  obj_bb: [295, 151, 140, 89]
  obj_id: 3
69:
- cam_R_m2c: [-0.3093672108526548, -0.8197325931920869, -0.4820066436345315, 0.1214388472816666,
    0.4686662345139506, -0.8749883239206198, 0.9431566864631505, -0.3292270284850438,
    -0.045442584595938695]
  cam_t_m2c: [28.297288002824317, -43.06075247435322, 508.0163951820683]
  obj_bb: [271, 147, 137, 93]
  obj_id: 3
70:
- cam_R_m2c: [-0.2805909555400862, -0.8713797210214962, -0.4024501179793604, 0.08908674418365686,
    0.39384100011015655, -0.9148512549278094, 0.9556841882546019, -0.2925519585043508,
    -0.032879840258303705]
  cam_t_m2c: [79.482695856952, -25.953561184846468, 497.8195399060675]
  obj_bb: [332, 169, 142, 86]
  obj_id: 3
71:
- cam_R_m2c: [-0.3490294954739086, -0.7736897202118245, -0.5287557357871195, 0.10492815960103902,
    0.5284261498633178, -0.8424701095370505, 0.9312188210146788, -0.34952828351820087,
    -0.10325447403794419]
  cam_t_m2c: [-63.00128834261694, -58.75484216473676, 477.5730060271252]
  obj_bb: [148, 118, 148, 106]
  obj_id: 3
72:
- cam_R_m2c: [-0.3214730560621998, -0.843368506683746, -0.4305631616384038, 0.061992682566965274,
    0.43497906430418143, -0.8983040247740242, 0.9448872850949903, -0.315472305521558,
    -0.08755137300312033]
  cam_t_m2c: [20.257922059275437, -50.28959741451166, 496.49820474094923]
  obj_bb: [257, 137, 143, 91]
  obj_id: 3
73:
- cam_R_m2c: [-0.42260039850482756, -0.8080646830817457, -0.41041487684970585, 0.1952945212978337,
    0.3610096402667203, -0.9118838136437907, 0.8850248319310658, -0.46551423994384045,
    0.005247787619334809]
  cam_t_m2c: [-38.95868324561283, 47.46066652709501, 534.6478038828271]
  obj_bb: [191, 258, 135, 84]
  obj_id: 3
74:
- cam_R_m2c: [-0.4705832138817164, -0.7962546117428123, -0.38017105635629067, 0.16155256729977163,
    0.3458232525433069, -0.9242873178829303, 0.8674400306716353, -0.496371706766886,
    -0.03410164086552367]
  cam_t_m2c: [-71.06739560908822, 49.14546838249684, 530.95787807271]
  obj_bb: [151, 261, 138, 83]
  obj_id: 3
75:
- cam_R_m2c: [-0.3648835163790853, -0.8305087772282971, -0.420850555924063, 0.2605874772667239,
    0.34285339460167524, -0.9025218648331312, 0.8938423721029334, -0.4389837363238724,
    0.09131863488102815]
  cam_t_m2c: [4.582706713446183, 108.37623718735951, 541.0472375010256]
  obj_bb: [244, 326, 131, 87]
  obj_id: 3
76:
- cam_R_m2c: [-0.35728291434045467, -0.8262650717176572, -0.4354709523949973, 0.1662175718950895,
    0.4025527670485846, -0.9001794201906799, 0.9190868500384999, -0.39400165101296536,
    -0.006485451824301436]
  cam_t_m2c: [-9.366501772682621, 16.314199754818144, 536.0899834347443]
  obj_bb: [227, 222, 133, 85]
  obj_id: 3
77:
- cam_R_m2c: [-0.4400299850896886, -0.8034868773619941, -0.40097686981799907, 0.13572866471619788,
    0.38188951687538725, -0.9141871397449439, 0.8876662333311586, -0.4566938085936303,
    -0.05898663743525409]
  cam_t_m2c: [-60.402572637309056, 18.38296997477254, 533.4852264293097]
  obj_bb: [165, 225, 136, 83]
  obj_id: 3
78:
- cam_R_m2c: [-0.44023628138509974, -0.8040308218732956, -0.3996579212651392, 0.13384739445230986,
    0.38137195249063915, -0.9146804408381134, 0.8878495883597328, -0.4561686873638201,
    -0.060276339621964076]
  cam_t_m2c: [-60.435168666664346, 18.344338021347863, 533.5359418828581]
  obj_bb: [165, 225, 136, 83]
  obj_id: 3
79:
- cam_R_m2c: [-0.44574697643228267, -0.7679530702950328, -0.45995403555780523, 0.13249129433069995,
    0.4515654477702501, -0.882346135769081, 0.8852997740472174, -0.45424302768945857,
    -0.09953683673625488]
  cam_t_m2c: [-117.7252894198852, 11.55928676652095, 521.0781453583604]
  obj_bb: [92, 214, 142, 93]
  obj_id: 3
80:
- cam_R_m2c: [-0.4925638032602676, -0.7225705335770554, -0.48504919722018935, 0.12969181765757415,
    0.49018178817524094, -0.8619175407044447, 0.8605585001325913, -0.48745629398695123,
    -0.14773431998710404]
  cam_t_m2c: [-180.00989207587816, -0.4313146544514951, 513.5753909689092]
  obj_bb: [11, 198, 148, 99]
  obj_id: 3
81:
- cam_R_m2c: [-0.4083356251004904, -0.7646208404409384, -0.49861506960498647, 0.15669588980528848,
    0.479407123951739, -0.8634901317458419, 0.8992821667262847, -0.4307247147166222,
    -0.07594606467990125]
  cam_t_m2c: [-99.71276816633464, 32.76674660564408, 511.0153653898399]
  obj_bb: [111, 237, 142, 101]
  obj_id: 3
82:
- cam_R_m2c: [-0.3486995277975423, -0.7088925888691057, -0.6130904800763328, 0.016377388262734716,
    0.6494397912723883, -0.7602366333358113, 0.9370914685704181, -0.2751349758909872,
    -0.21484953938513163]
  cam_t_m2c: [-43.68816568244364, 59.96009211680121, 520.69297528274]
  obj_bb: [193, 263, 125, 119]
  obj_id: 3
83:
- cam_R_m2c: [0.5176198029965231, -0.8457543010515485, -0.12949672504989213, 0.7817457795607639,
    0.4059682566841602, 0.47335326206096595, -0.34776899759002994, -0.34625054053045257,
    0.8713020644401086]
  cam_t_m2c: [46.959505097066526, -38.51072607475192, 503.427023509994]
  obj_bb: [292, 154, 140, 86]
  obj_id: 3
84:
- cam_R_m2c: [0.5638636469675006, -0.819328410571761, -0.10372436193325832, 0.7428702708616505,
    0.4483064994718009, 0.49715696032669415, -0.36083451650091325, -0.3573824816093983,
    0.8614384560374932]
  cam_t_m2c: [25.96698412493006, -41.28676846074527, 506.79799805390115]
  obj_bb: [268, 150, 137, 91]
  obj_id: 3
85:
- cam_R_m2c: [0.4793721804566421, -0.8702797065586898, -0.11320576379480662, 0.7923424861256154,
    0.3737162061861158, 0.4822132120899798, -0.37735354415259414, -0.320857335253501,
    0.8687087389508056]
  cam_t_m2c: [76.9542296813024, -24.392957037872673, 496.7090442956144]
  obj_bb: [329, 171, 142, 85]
  obj_id: 3
86:
- cam_R_m2c: [0.6232466661045653, -0.7730405978546602, -0.11820248414502141, 0.7207212832407957,
    0.5091262325625122, 0.4704798733213181, -0.30352005711861163, -0.37841605857205934,
    0.8744580387540059]
  cam_t_m2c: [-65.1609840485258, -56.80168333881727, 476.31494717937477]
  obj_bb: [144, 122, 149, 103]
  obj_id: 3
87:
- cam_R_m2c: [0.5223147313189149, -0.8416249001572027, -0.1373129596310132, 0.7890584593779433,
    0.41593202381117983, 0.4520921358002622, -0.323379141459922, -0.34448233482098134,
    0.8813386703560266]
  cam_t_m2c: [17.836691496243457, -48.60012328959608, 495.3384001247865]
  obj_bb: [254, 140, 144, 88]
  obj_id: 3
88:
- cam_R_m2c: [0.5471736124974214, -0.8030134882483917, -0.23615752259386552, 0.7444096297154723,
    0.3378645259825006, 0.5759356433400298, -0.38269484053668085, -0.4909347204810131,
    0.7826415266600887]
  cam_t_m2c: [-41.25497142355977, 48.89438095006428, 532.9945191030681]
  obj_bb: [188, 261, 135, 82]
  obj_id: 3
89:
- cam_R_m2c: [0.5402182166644853, -0.7892401442812604, -0.29200046753171277, 0.769892899647064,
    0.3234365530225696, 0.5501397270166141, -0.33974873282600976, -0.5220045888914907,
    0.7823567010765273]
  cam_t_m2c: [-73.32765720617965, 50.5432698059641, 529.2260594623878]
  obj_bb: [147, 263, 139, 82]
  obj_id: 3
90:
- cam_R_m2c: [0.5320118987047574, -0.8273238502567453, -0.18027364320086697, 0.7081271924900234,
    0.31799272100821985, 0.6304256567129751, -0.46424047528490703, -0.4630506194598416,
    0.7550264266402208]
  cam_t_m2c: [2.2074996092188437, 109.73549935016486, 539.4432971684117]
  obj_bb: [241, 329, 132, 85]
  obj_id: 3
91:
- cam_R_m2c: [0.5420423422749899, -0.82358059663716, -0.16704819670928045, 0.7463540226474817,
    0.3804514422219428, 0.5460882465217194, -0.38619395652827754, -0.42068004582345414,
    0.8209034821384373]
  cam_t_m2c: [-11.724526684168994, 17.88028851888951, 534.6585814976033]
  obj_bb: [224, 224, 133, 83]
  obj_id: 3
92:
- cam_R_m2c: [0.5460499568821747, -0.7977519595402615, -0.25577579173692033, 0.771882705590948,
    0.3604247604192268, 0.5237280600524866, -0.32561715771527333, -0.4834105947602062,
    0.8125808658066043]
  cam_t_m2c: [-62.684291321702474, 19.89584042937103, 531.8830997680608]
  obj_bb: [162, 227, 137, 82]
  obj_id: 3
93:
- cam_R_m2c: [0.5449407984652437, -0.798264634584111, -0.2565406387696862, 0.7731255797648421,
    0.3599530292561894, 0.5222170570199424, -0.3245248281431477, -0.48291551010667366,
    0.8133118995914616]
  cam_t_m2c: [-62.719045735196055, 19.85616651866206, 531.9359084031037]
  obj_bb: [162, 227, 137, 82]
  obj_id: 3
94:
- cam_R_m2c: [0.6020428749142448, -0.7631875591886105, -0.23471072890842187, 0.7447586320269518,
    0.4307547735035824, 0.5096909898411205, -0.2878870556074636, -0.48165867022572023,
    0.8277233647844288]
  cam_t_m2c: [-119.87208188547926, 13.279924312276005, 519.4993750927428]
  obj_bb: [88, 216, 143, 92]
  obj_id: 3
95:
- cam_R_m2c: [0.6448549481994628, -0.7169418699632122, -0.26487063045253045, 0.7276342112515857,
    0.46981549621842206, 0.4998218223820575, -0.23390286530727092, -0.51504150765418,
    0.8246342795411542]
  cam_t_m2c: [-181.9947197160884, 1.4036478868960576, 511.9155118418942]
  obj_bb: [6, 201, 150, 97]
  obj_id: 3
96:
- cam_R_m2c: [0.6211790050640097, -0.7616786371095068, -0.18434288008678695, 0.7175423707876951,
    0.45823037964482854, 0.5245549211426106, -0.31507076949799895, -0.4581163312321017,
    0.8311797863677739]
  cam_t_m2c: [-101.84260418301177, 34.562688330781114, 509.4987181441798]
  obj_bb: [107, 240, 144, 99]
  obj_id: 3
97:
- cam_R_m2c: [0.699769507759332, -0.709886060830044, -0.07990254469956226, 0.6844353887971565,
    0.6342024386571082, 0.3596324031055357, -0.2046236412840602, -0.30634791894279334,
    0.9296666703647455]
  cam_t_m2c: [-45.61277998547278, 62.28168604688336, 519.7091620818868]
  obj_bb: [190, 266, 126, 119]
  obj_id: 3
98:
- cam_R_m2c: [-0.6706079001302352, 0.706081590539915, -0.22745072385802728, 0.723335303016221,
    0.554401672055024, -0.4116124699678394, -0.16453292586393914, -0.4405537124156572,
    -0.8825198823728755]
  cam_t_m2c: [203.2679233553364, 48.72213206924425, 576.1661071172706]
  obj_bb: [480, 252, 128, 99]
  obj_id: 3
99:
- cam_R_m2c: [-0.6838798983187289, 0.7228660397851812, -0.09885834917119783, 0.6507021025594228,
    0.5430206332293948, -0.5307686554534788, -0.329992512642805, -0.42730934978354546,
    -0.8417313473949108]
  cam_t_m2c: [144.92953868827325, 142.8911650627439, 603.9502960086352]
  obj_bb: [414, 346, 118, 100]
  obj_id: 3
100:
- cam_R_m2c: [-0.6910637068431407, 0.7144576465618097, -0.10945877924396168, 0.6542208208435768,
    0.5539044128128547, -0.514961182072206, -0.30728825336965726, -0.42748119576866456,
    -0.8501963047468617]
  cam_t_m2c: [149.99788775550584, 132.42411990405907, 609.208118636971]
  obj_bb: [418, 334, 117, 100]
  obj_id: 3
101:
- cam_R_m2c: [-0.7356146816881315, 0.6602607638478201, -0.1514158637922816, 0.6585279275585204,
    0.644632369993043, -0.3883169790037939, -0.15878289804116053, -0.385363245886587,
    -0.9090011881232085]
  cam_t_m2c: [194.34861168380226, 39.79227356791988, 602.6926705573609]
  obj_bb: [465, 240, 115, 103]
  obj_id: 3
102:
- cam_R_m2c: [-0.7383617305235415, 0.6455829822689596, -0.19505016765693214, 0.660568996875947,
    0.634022477258557, -0.40207474267507504, -0.1359064209836545, -0.42572069639100096,
    -0.8945900364970398]
  cam_t_m2c: [225.6949937832643, 53.7544951248544, 595.5444580415974]
  obj_bb: [498, 255, 120, 104]
  obj_id: 3
103:
- cam_R_m2c: [-0.7363863758311971, 0.6598897870512742, -0.14926678945974178, 0.6572987816555572,
    0.6455207418641596, -0.38892323594414513, -0.16029166267874054, -0.38451065104697546,
    -0.9090974326809619]
  cam_t_m2c: [194.1187155580543, 39.959576095993526, 604.7854403969392]
  obj_bb: [464, 240, 115, 102]
  obj_id: 3
104:
- cam_R_m2c: [-0.808783670272233, 0.5791414898367298, -0.10229422980143699, 0.5656375064966443,
    0.7184068606098636, -0.4049022028501931, -0.16100678850668032, -0.3853397427963709,
    -0.9086198856927975]
  cam_t_m2c: [200.85631451919915, 58.8861711543489, 604.4644341896509]
  obj_bb: [473, 257, 107, 111]
  obj_id: 3
105:
- cam_R_m2c: [-0.7832328480292114, 0.6085907308439721, -0.1271362580023919, 0.5979253275128599,
    0.6812888806887469, -0.42229227292068, -0.1703866440971534, -0.4067711683252327,
    -0.8974996424136534]
  cam_t_m2c: [211.1796157874687, 49.040919998538705, 610.2990845360512]
  obj_bb: [481, 248, 110, 106]
  obj_id: 3
106:
- cam_R_m2c: [-0.7510843916581207, 0.6444609596114886, -0.14332588092940504, 0.63921553433086,
    0.6555545104562928, -0.4020594290531234, -0.16515367776003012, -0.3935966912425074,
    -0.9043262173382383]
  cam_t_m2c: [200.55120421294947, 42.879897130767674, 606.5908838267106]
  obj_bb: [470, 243, 114, 103]
  obj_id: 3
107:
- cam_R_m2c: [-0.7122556224845601, 0.6788642620728865, -0.17842433107445704, 0.6997442183612691,
    0.6667249638369065, -0.2565849790355092, -0.0552264167686864, -0.30760548804745264,
    -0.9499099465812432]
  cam_t_m2c: [163.59735201462877, 5.672718647294288, 585.8377722977865]
  obj_bb: [437, 204, 116, 105]
  obj_id: 3
108:
- cam_R_m2c: [-0.7451314946045068, 0.6668569083535356, -0.008995528312349798, 0.6638764826738752,
    0.7403796466484728, -0.10538498271218161, -0.06361659768502233, -0.08449758937299404,
    -0.9943908114464529]
  cam_t_m2c: [122.39052535003096, -96.46772068926803, 533.5387641603963]
  obj_bb: [404, 79, 116, 121]
  obj_id: 3
109:
- cam_R_m2c: [-0.7445667521760545, 0.6674455341837188, -0.011696600027891663, 0.6588731961190223,
    0.731962688224079, -0.17354173700779935, -0.10726818256084364, -0.13691998373499098,
    -0.9847570538280513]
  cam_t_m2c: [128.946495123942, -87.76195011112083, 535.9609370330385]
  obj_bb: [411, 90, 118, 120]
  obj_id: 3
110:
- cam_R_m2c: [-0.7451615854199222, 0.6667785173954269, -0.011858345349362899, 0.6613879516254028,
    0.7366254312673229, -0.1412407570603638, -0.08544114383142573, -0.11309015319729246,
    -0.9899042520317763]
  cam_t_m2c: [126.98572379858433, -94.11947547531265, 532.2388583592426]
  obj_bb: [409, 81, 118, 121]
  obj_id: 3
111:
- cam_R_m2c: [-0.5784941303948935, 0.813873816719413, 0.05435026731517967, 0.7977184982512914,
    0.5784021012330224, -0.17057610277213256, -0.17026373262195474, -0.05532106061709343,
    -0.9838444194108332]
  cam_t_m2c: [-12.004738977151757, -104.11568838287836, 526.9777115328254]
  obj_bb: [245, 73, 130, 105]
  obj_id: 3
112:
- cam_R_m2c: [0.07471245191912756, 0.9097292068882292, 0.40842480294755107, -0.3723795180466989,
    0.40539369455511554, -0.8348589383568115, -0.9250683996697437, -0.0897146729886899,
    0.36905248052681094]
  cam_t_m2c: [-172.8292456627872, -92.42067166656062, 500.65392422517306]
  obj_bb: [38, 85, 148, 88]
  obj_id: 3
113:
- cam_R_m2c: [0.10848468742491746, 0.8653170013780731, 0.4893440095887329, -0.3957992316848921,
    0.4891480012928139, -0.7772240352876992, -0.9119068158490578, -0.10936507649750593,
    0.3955568723340901]
  cam_t_m2c: [-135.10984025695043, -112.31612704624186, 517.9030759483006]
  obj_bb: [94, 64, 138, 95]
  obj_id: 3
114:
- cam_R_m2c: [-0.004222752844678379, 0.8840038224674156, 0.4674605975067967, -0.5467936992520552,
    0.3893503279513909, -0.7412307148131396, -0.8372567221686944, -0.2587345434748575,
    0.48172359003498194]
  cam_t_m2c: [-103.73133687083985, 17.527025630390497, 601.3798202669841]
  obj_bb: [158, 226, 119, 73]
  obj_id: 3
115:
- cam_R_m2c: [-0.03686836524660431, 0.8710963951802687, 0.4897262438832378, -0.6278111990385743,
    0.3610863349613376, -0.6895431509818197, -0.7774920076796873, -0.3328779491166849,
    0.5335714094533919]
  cam_t_m2c: [-74.55723965554084, 83.16766997501387, 636.0339908852183]
  obj_bb: [196, 290, 111, 71]
  obj_id: 3
116:
- cam_R_m2c: [0.03363282424519193, 0.8633041511505614, 0.503562087273755, -0.5413456028085782,
    0.4392712760061766, -0.7169279492359902, -0.8401272352763653, -0.24848880997363676,
    0.48211983973362543]
  cam_t_m2c: [-98.03469180530155, -15.576970359739164, 593.9857220380578]
  obj_bb: [163, 190, 118, 78]
  obj_id: 3
117:
- cam_R_m2c: [0.008029574955633112, 0.9089315297320699, 0.4168680848721229, -0.4659138521578526,
    0.37226663199419374, -0.8027090612862984, -0.8847936529459639, -0.18777920268927312,
    0.4264729331902768]
  cam_t_m2c: [-140.17725817212866, -21.542169693334856, 561.5883993330942]
  obj_bb: [106, 182, 130, 75]
  obj_id: 3
118:
- cam_R_m2c: [0.14718150056349177, 0.906611426128853, 0.3954659630163971, -0.5533918472347087,
    0.4068648503157447, -0.7267863902080884, -0.8198140455652343, -0.111878128292147,
    0.5615943510255514]
  cam_t_m2c: [-212.64200464850705, 45.9892113511724, 571.2721821193755]
  obj_bb: [29, 254, 130, 80]
  obj_id: 3
119:
- cam_R_m2c: [0.2714807797185479, 0.7790699199236063, 0.5651090568320731, -0.49999910827003957,
    0.6158730506412933, -0.6088524264737332, -0.8223740499143772, -0.11726229301874075,
    0.5567319612375533]
  cam_t_m2c: [-190.802631665461, -15.14070524157364, 572.8094700484723]
  obj_bb: [57, 182, 117, 100]
  obj_id: 3
120:
- cam_R_m2c: [0.3743906916716724, 0.6236139345604133, 0.686248694433503, -0.4174302671322523,
    0.7741904054255123, -0.475795321781307, -0.8279997476276809, -0.10832763622068711,
    0.5501650126637782]
  cam_t_m2c: [-168.91710345100077, -68.79210492474681, 576.2961760955734]
  obj_bb: [87, 120, 100, 116]
  obj_id: 3
121:
- cam_R_m2c: [0.4147257463913441, 0.5757405061998313, 0.7046456022717411, -0.36737322535694555,
    0.8144053216152181, -0.4492002731696056, -0.8324899210026375, -0.07257300907069669,
    0.5492665016032263]
