0 3 -0.560989 -0.816814 0.134560 -0.735818 0.417533 -0.533140 0.379293 -0.398098 -0.835257 -0.054672 -0.009410 0.586571
1 3 -0.565495 -0.813804 0.133932 -0.733621 0.422134 -0.532544 0.376850 -0.399407 -0.835738 -0.054676 -0.009777 0.585876
2 3 -0.454463 -0.868364 0.198515 -0.810017 0.310156 -0.497670 0.370588 -0.386973 -0.844344 -0.038065 -0.021848 0.586829
3 3 -0.235911 -0.924062 0.300758 -0.908379 0.099740 -0.406078 0.345244 -0.369000 -0.862928 -0.003269 -0.039460 0.587591
4 3 0.446642 -0.743514 0.497692 -0.829399 -0.552699 -0.081366 0.335570 -0.376444 -0.863529 0.102044 -0.031459 0.584117
5 3 0.730492 -0.484833 0.480956 -0.596583 -0.795798 0.103897 0.332371 -0.362826 -0.870567 0.149794 0.001734 0.584862
6 3 0.712951 -0.494155 0.497505 -0.595234 -0.801538 0.056862 0.370671 -0.336672 -0.865595 0.140504 0.034200 0.578145
7 3 0.691484 -0.507688 0.513909 -0.598482 -0.801015 0.013961 0.404561 -0.317219 -0.857731 0.135361 0.051881 0.575552
8 3 0.698971 -0.556295 0.449418 -0.653973 -0.751512 0.086881 0.289411 -0.354634 -0.889087 0.169192 -0.062084 0.585079
9 3 0.731454 -0.575643 0.365526 -0.633482 -0.772017 0.051861 0.252339 -0.269488 -0.929355 0.226592 -0.049132 0.576154
10 3 0.647174 -0.608082 0.459785 -0.637757 -0.762276 -0.110458 0.417651 -0.221746 -0.881134 0.135771 -0.043478 0.591564
11 3 0.213398 -0.866522 0.451221 -0.920359 -0.333236 -0.204675 0.327719 -0.371608 -0.868624 0.049896 -0.093141 0.586422
12 3 -0.203606 -0.919912 0.335121 -0.908211 0.049630 -0.415559 0.365646 -0.388971 -0.845580 -0.033014 -0.076352 0.585981
13 3 -0.602222 -0.786687 0.135839 -0.711627 0.451873 -0.537957 0.361821 -0.420636 -0.831956 -0.108660 -0.025411 0.584859
14 3 -0.776924 -0.629576 0.004814 -0.533723 0.654544 -0.535455 0.333958 -0.418577 -0.844550 -0.140470 0.018546 0.585671
15 3 -0.728852 -0.683175 0.045238 -0.595296 0.599686 -0.534789 0.338226 -0.416713 -0.843774 -0.099121 0.003461 0.592854
16 3 -0.671826 -0.735949 0.083841 -0.660455 0.543942 -0.517617 0.335335 -0.403121 -0.851495 -0.062199 -0.009063 0.598056
17 3 -0.767119 -0.641295 0.016401 -0.550200 0.644574 -0.530852 0.329861 -0.416250 -0.847306 -0.134263 0.016232 0.587688
18 3 -0.750882 -0.641520 0.156935 -0.595488 0.554886 -0.580944 0.285606 -0.529673 -0.798671 -0.186024 0.035140 0.576493
19 3 -0.700086 -0.689643 0.185127 -0.648185 0.505009 -0.569931 0.299558 -0.518998 -0.800566 -0.148140 0.017708 0.582890
20 3 -0.668013 -0.730484 0.141957 -0.697023 0.547410 -0.463142 0.260609 -0.408332 -0.874841 -0.096463 -0.089245 0.538405
21 3 -0.640993 -0.754727 0.139695 -0.716452 0.523036 -0.461659 0.275361 -0.396005 -0.875989 -0.065362 -0.078915 0.541797
22 3 -0.507257 -0.848794 0.149131 -0.822498 0.425163 -0.377801 0.257270 -0.314302 -0.913798 0.043042 -0.062210 0.533500
23 3 -0.532865 -0.822642 0.198283 -0.792767 0.403371 -0.456960 0.295933 -0.400690 -0.867105 -0.010608 -0.033558 0.535656
24 3 -0.535757 -0.843196 0.044555 -0.748907 0.450149 -0.486316 0.390003 -0.293915 -0.872646 0.076700 0.011683 0.540392
25 3 -0.486482 -0.852454 0.191460 -0.798366 0.344722 -0.493740 0.354890 -0.393051 -0.848271 0.091131 0.010093 0.527637
26 3 -0.488766 -0.851446 0.190126 -0.796640 0.346750 -0.495105 0.355629 -0.393453 -0.847775 0.089784 0.010327 0.525709
27 3 -0.710645 -0.697129 0.094847 -0.636240 0.579245 -0.509582 0.300305 -0.422477 -0.855179 -0.082341 -0.007640 0.495600
28 3 -0.658448 -0.745601 0.102593 -0.685507 0.537860 -0.490700 0.310686 -0.393429 -0.865268 -0.044473 -0.000673 0.491859
29 3 -0.520778 -0.837583 0.165061 -0.787331 0.396492 -0.472127 0.330000 -0.375831 -0.865939 -0.021759 -0.014661 0.493085
30 3 -0.850868 -0.523941 -0.038843 -0.473384 0.796631 -0.375881 0.227884 -0.301438 -0.925853 -0.065656 0.032019 0.493894
31 3 -0.885015 -0.446944 -0.130347 -0.369366 0.844498 -0.387804 0.283405 -0.295067 -0.912479 -0.038304 0.024300 0.482528
32 3 -0.934952 -0.306387 -0.178863 -0.217198 0.892958 -0.394273 0.280517 -0.329777 -0.901419 -0.053722 0.036918 0.485717
33 3 -0.868668 -0.476010 -0.137228 -0.369329 0.806889 -0.461007 0.330171 -0.349779 -0.876722 0.011372 0.009246 0.509701
34 3 -0.834864 -0.538052 -0.116200 -0.419714 0.758807 -0.498048 0.356150 -0.367031 -0.859329 0.037845 0.001197 0.512670
35 3 -0.842778 -0.508057 -0.177772 -0.295468 0.712730 -0.636172 0.449915 -0.483626 -0.750788 0.041453 0.133306 0.559832
36 3 -0.863984 -0.476230 -0.163511 -0.258857 0.698636 -0.667009 0.431884 -0.533960 -0.726886 0.011279 0.176085 0.557669
37 3 -0.826802 -0.525279 -0.201196 -0.378005 0.783746 -0.492803 0.416546 -0.331397 -0.846561 0.097377 0.074809 0.569551
38 3 -0.818333 -0.436686 -0.373680 -0.299616 0.878961 -0.371024 0.490471 -0.191660 -0.850120 0.181532 0.086052 0.551328
39 3 -0.692210 -0.543541 -0.474771 -0.172512 0.763402 -0.622460 0.700774 -0.348970 -0.622202 0.145946 0.115266 0.542984
40 3 -0.716250 -0.501916 -0.484836 -0.180166 0.804209 -0.566381 0.674185 -0.318320 -0.666443 0.119714 0.081544 0.531032
41 3 -0.734655 -0.521538 -0.433913 -0.344914 0.837868 -0.423097 0.584223 -0.161168 -0.795430 0.100992 -0.088809 0.446338
42 3 -0.670592 -0.528328 -0.520746 -0.281803 0.830783 -0.479986 0.686217 -0.175127 -0.706000 0.164548 -0.035562 0.446486
43 3 -0.741553 -0.523044 -0.420148 -0.280366 0.810545 -0.514210 0.609503 -0.263519 -0.747706 0.087730 0.010039 0.478410
44 3 -0.833371 -0.492986 -0.249915 -0.346995 0.818604 -0.457693 0.430217 -0.294709 -0.853264 -0.014011 0.043089 0.519770
45 3 -0.913019 -0.400557 -0.077142 -0.323326 0.825928 -0.461848 0.248710 -0.396734 -0.883598 -0.098569 0.057024 0.501213
46 3 -0.871389 -0.459120 -0.172890 -0.354452 0.832833 -0.425151 0.339184 -0.309190 -0.888457 -0.017265 0.029588 0.517428
47 3 -0.849018 -0.494148 -0.187046 -0.353817 0.794640 -0.493317 0.392405 -0.352655 -0.849501 -0.024955 0.023126 0.513805
48 3 -0.977995 -0.189749 -0.086729 -0.134454 0.891104 -0.433423 0.159526 -0.412224 -0.897008 -0.023120 -0.046309 0.479862
49 3 -0.845880 -0.506994 -0.165665 -0.387644 0.797702 -0.461956 0.366361 -0.326540 -0.871293 -0.018031 -0.018775 0.488021
50 3 -0.888223 -0.458769 0.024326 -0.430519 0.812709 -0.392629 0.160356 -0.359215 -0.919375 -0.128482 0.013463 0.486497
51 3 -0.803937 -0.536421 0.256783 -0.584286 0.631921 -0.509201 0.110879 -0.559400 -0.821448 -0.171662 0.050122 0.476670
52 3 -0.808617 -0.546350 0.218268 -0.576029 0.659717 -0.482663 0.119708 -0.516018 -0.848172 -0.146762 0.023468 0.478708
53 3 -0.804312 -0.525352 0.277646 -0.583609 0.610571 -0.535354 0.111727 -0.592628 -0.797690 -0.186093 0.068432 0.470145
54 3 -0.800023 -0.590538 0.105969 -0.567745 0.688044 -0.451953 0.193984 -0.421736 -0.885725 -0.069360 0.001069 0.490746
55 3 -0.781976 -0.622920 0.022013 -0.539185 0.658298 -0.525284 0.312719 -0.422629 -0.850642 -0.004606 0.055930 0.501384
56 3 -0.750069 -0.659229 -0.053050 -0.513699 0.631246 -0.581069 0.416545 -0.408590 -0.812124 0.050662 0.101622 0.506078
57 3 -0.683405 -0.727726 -0.058080 -0.583278 0.592131 -0.556028 0.439027 -0.346115 -0.829132 0.114215 0.075885 0.515411
58 3 -0.671941 -0.738748 -0.052418 -0.531228 0.530083 -0.660916 0.516036 -0.416250 -0.748627 0.122104 0.182271 0.536490
59 3 -0.687099 -0.725042 0.046995 -0.563871 0.491337 -0.663805 0.458197 -0.482599 -0.746427 0.029949 0.206482 0.546012
60 3 -0.668877 -0.713632 0.208165 -0.631137 0.397212 -0.666250 0.392771 -0.577020 -0.716086 -0.101668 0.218851 0.555512
61 3 -0.309367 -0.819733 -0.482007 0.121439 0.468666 -0.874988 0.943157 -0.329227 -0.045443 0.028297 -0.043061 0.508016
62 3 -0.280591 -0.871380 -0.402450 0.089087 0.393841 -0.914851 0.955684 -0.292552 -0.032880 0.079483 -0.025954 0.497820
63 3 -0.349029 -0.773690 -0.528756 0.104928 0.528426 -0.842470 0.931219 -0.349528 -0.103254 -0.063001 -0.058755 0.477573
64 3 -0.321473 -0.843369 -0.430563 0.061993 0.434979 -0.898304 0.944887 -0.315472 -0.087551 0.020258 -0.050290 0.496498
65 3 -0.422600 -0.808065 -0.410415 0.195295 0.361010 -0.911884 0.885025 -0.465514 0.005248 -0.038959 0.047461 0.534648
66 3 -0.470583 -0.796255 -0.380171 0.161553 0.345823 -0.924287 0.867440 -0.496372 -0.034102 -0.071067 0.049145 0.530958
67 3 -0.357283 -0.826265 -0.435471 0.166218 0.402553 -0.900179 0.919087 -0.394002 -0.006485 -0.009367 0.016314 0.536090
68 3 -0.440030 -0.803487 -0.400977 0.135729 0.381890 -0.914187 0.887666 -0.456694 -0.058987 -0.060403 0.018383 0.533485
69 3 -0.440236 -0.804031 -0.399658 0.133847 0.381372 -0.914680 0.887850 -0.456169 -0.060276 -0.060435 0.018344 0.533536
70 3 -0.492564 -0.722571 -0.485049 0.129692 0.490182 -0.861918 0.860559 -0.487456 -0.147734 -0.180010 -0.000431 0.513575
71 3 -0.408336 -0.764621 -0.498615 0.156696 0.479407 -0.863490 0.899282 -0.430725 -0.075946 -0.099713 0.032767 0.511015
72 3 -0.348700 -0.708893 -0.613090 0.016377 0.649440 -0.760237 0.937091 -0.275135 -0.214850 -0.043688 0.059960 0.520693
73 3 0.517620 -0.845754 -0.129497 0.781746 0.405968 0.473353 -0.347769 -0.346251 0.871302 0.046960 -0.038511 0.503427
74 3 0.479372 -0.870280 -0.113206 0.792342 0.373716 0.482213 -0.377354 -0.320857 0.868709 0.076954 -0.024393 0.496709
75 3 0.623247 -0.773041 -0.118202 0.720721 0.509126 0.470480 -0.303520 -0.378416 0.874458 -0.065161 -0.056802 0.476315
76 3 0.522315 -0.841625 -0.137313 0.789058 0.415932 0.452092 -0.323379 -0.344482 0.881339 0.017837 -0.048600 0.495338
77 3 0.547174 -0.803013 -0.236158 0.744410 0.337865 0.575936 -0.382695 -0.490935 0.782642 -0.041255 0.048894 0.532995
78 3 0.540218 -0.789240 -0.292000 0.769893 0.323437 0.550140 -0.339749 -0.522005 0.782357 -0.073328 0.050543 0.529226
79 3 0.532012 -0.827324 -0.180274 0.708127 0.317993 0.630426 -0.464240 -0.463051 0.755026 0.002207 0.109735 0.539443
80 3 0.542042 -0.823581 -0.167048 0.746354 0.380451 0.546088 -0.386194 -0.420680 0.820903 -0.011725 0.017880 0.534659
81 3 0.546050 -0.797752 -0.255776 0.771883 0.360425 0.523728 -0.325617 -0.483411 0.812581 -0.062684 0.019896 0.531883
82 3 0.602043 -0.763188 -0.234711 0.744759 0.430755 0.509691 -0.287887 -0.481659 0.827723 -0.119872 0.013280 0.519499
83 3 0.644855 -0.716942 -0.264871 0.727634 0.469815 0.499822 -0.233903 -0.515042 0.824634 -0.181995 0.001404 0.511916
84 3 0.621179 -0.761679 -0.184343 0.717542 0.458230 0.524555 -0.315071 -0.458116 0.831180 -0.101843 0.034563 0.509499
85 3 0.699770 -0.709886 -0.079903 0.684435 0.634202 0.359632 -0.204624 -0.306348 0.929667 -0.045613 0.062282 0.519709
86 3 -0.670608 0.706082 -0.227451 0.723335 0.554402 -0.411612 -0.164533 -0.440554 -0.882520 0.203268 0.048722 0.576166
87 3 -0.683880 0.722866 -0.098858 0.650702 0.543021 -0.530769 -0.329993 -0.427309 -0.841731 0.144930 0.142891 0.603950
88 3 -0.691064 0.714458 -0.109459 0.654221 0.553904 -0.514961 -0.307288 -0.427481 -0.850196 0.149998 0.132424 0.609208
89 3 -0.735615 0.660261 -0.151416 0.658528 0.644632 -0.388317 -0.158783 -0.385363 -0.909001 0.194349 0.039792 0.602693
90 3 -0.738362 0.645583 -0.195050 0.660569 0.634022 -0.402075 -0.135906 -0.425721 -0.894590 0.225695 0.053754 0.595544
91 3 -0.808784 0.579141 -0.102294 0.565638 0.718407 -0.404902 -0.161007 -0.385340 -0.908620 0.200856 0.058886 0.604464
92 3 -0.783233 0.608591 -0.127136 0.597925 0.681289 -0.422292 -0.170387 -0.406771 -0.897500 0.211180 0.049041 0.610299
93 3 -0.751084 0.644461 -0.143326 0.639216 0.655555 -0.402059 -0.165154 -0.393597 -0.904326 0.200551 0.042880 0.606591
94 3 -0.712256 0.678864 -0.178424 0.699744 0.666725 -0.256585 -0.055226 -0.307605 -0.949910 0.163597 0.005673 0.585838
95 3 -0.745131 0.666857 -0.008996 0.663876 0.740380 -0.105385 -0.063617 -0.084498 -0.994391 0.122391 -0.096468 0.533539
96 3 -0.744567 0.667446 -0.011697 0.658873 0.731963 -0.173542 -0.107268 -0.136920 -0.984757 0.128946 -0.087762 0.535961
97 3 -0.745162 0.666779 -0.011858 0.661388 0.736625 -0.141241 -0.085441 -0.113090 -0.989904 0.126986 -0.094119 0.532239
98 3 0.074712 0.909729 0.408425 -0.372380 0.405394 -0.834859 -0.925068 -0.089715 0.369052 -0.172829 -0.092421 0.500654
99 3 0.108485 0.865317 0.489344 -0.395799 0.489148 -0.777224 -0.911907 -0.109365 0.395557 -0.135110 -0.112316 0.517903
100 3 -0.004223 0.884004 0.467461 -0.546794 0.389350 -0.741231 -0.837257 -0.258735 0.481724 -0.103731 0.017527 0.601380
101 3 -0.036868 0.871096 0.489726 -0.627811 0.361086 -0.689543 -0.777492 -0.332878 0.533571 -0.074557 0.083168 0.636034
102 3 0.033633 0.863304 0.503562 -0.541346 0.439271 -0.716928 -0.840127 -0.248489 0.482120 -0.098035 -0.015577 0.593986
103 3 0.008030 0.908932 0.416868 -0.465914 0.372267 -0.802709 -0.884794 -0.187779 0.426473 -0.140177 -0.021542 0.561588
104 3 0.147182 0.906611 0.395466 -0.553392 0.406865 -0.726786 -0.819814 -0.111878 0.561594 -0.212642 0.045989 0.571272
105 3 0.271481 0.779070 0.565109 -0.499999 0.615873 -0.608852 -0.822374 -0.117262 0.556732 -0.190803 -0.015141 0.572809
106 3 0.374391 0.623614 0.686249 -0.417430 0.774190 -0.475795 -0.828000 -0.108328 0.550165 -0.168917 -0.068792 0.576296
107 3 0.410656 0.600048 0.686516 -0.369772 0.797836 -0.476158 -0.833444 -0.058317 0.549517 -0.210426 -0.112391 0.564230
108 3 0.465618 0.515370 0.719439 -0.352628 0.853660 -0.383300 -0.811698 -0.075223 0.579213 -0.170638 -0.133518 0.575307
109 3 0.361482 0.529548 0.767404 -0.379521 0.835358 -0.397669 -0.851642 -0.147496 0.502942 -0.094053 -0.132323 0.582566
110 3 0.200964 0.541826 0.816111 -0.389704 0.808566 -0.440854 -0.898746 -0.229446 0.373645 0.002458 -0.134056 0.568671
111 3 -0.428675 0.618105 0.658926 -0.128784 0.680084 -0.721734 -0.894233 -0.394249 -0.211933 0.169930 0.022769 0.304749
112 3 -0.512388 0.782888 0.352910 0.004367 0.413326 -0.910572 -0.858743 -0.465025 -0.215202 0.049892 0.028443 0.364160
113 3 -0.484925 0.749494 0.450673 -0.051827 0.489783 -0.870302 -0.873019 -0.445388 -0.198664 0.078552 0.037435 0.382474
114 3 -0.516259 0.705684 0.485270 -0.128158 0.496582 -0.858476 -0.846789 -0.505388 -0.165926 0.117272 0.069754 0.405090
115 3 -0.558755 0.722058 0.407953 -0.103484 0.427357 -0.898141 -0.822851 -0.544057 -0.164066 0.112541 0.075808 0.410600
116 3 -0.586856 0.770583 0.248600 0.022004 0.322095 -0.946452 -0.809392 -0.549960 -0.205979 0.060307 0.052840 0.399846
117 3 -0.571841 0.778369 0.259115 -0.009343 0.309654 -0.950803 -0.820312 -0.546129 -0.169801 0.067324 0.080398 0.430349
118 3 -0.505299 0.782058 0.364771 -0.157589 0.331970 -0.930033 -0.848433 -0.527429 -0.044500 0.090026 0.163631 0.511242
119 3 -0.556416 0.779721 0.287118 -0.047554 0.315100 -0.947866 -0.829542 -0.541061 -0.138248 0.075141 0.101012 0.452704
120 3 -0.544549 0.711501 0.444109 -0.135390 0.447989 -0.883728 -0.827729 -0.541361 -0.147622 0.074885 0.107488 0.451738
121 3 -0.451813 0.566036 0.689542 -0.330919 0.611451 -0.718763 -0.828467 -0.552929 -0.088949 0.016219 0.112958 0.493380
122 3 -0.477336 0.569666 0.669052 -0.276909 0.625083 -0.729790 -0.833949 -0.533621 -0.140629 0.022233 0.077067 0.504676
123 3 -0.477711 0.619588 0.622818 -0.262391 0.575956 -0.774226 -0.838417 -0.533278 -0.112566 -0.015008 0.080659 0.533550
124 3 -0.953780 0.279613 0.110093 0.256230 0.948118 -0.188198 -0.157004 -0.151291 -0.975941 -0.162102 -0.001065 0.578389
125 3 -0.954867 0.282377 0.092155 0.261870 0.946713 -0.187504 -0.140191 -0.154909 -0.977931 -0.153255 -0.004180 0.573904
126 3 -0.931159 0.319980 0.174803 0.298094 0.944158 -0.140379 -0.209960 -0.078607 -0.974545 -0.223091 -0.039181 0.546315
127 3 -0.962795 0.264936 0.053249 0.248220 0.944924 -0.213322 -0.106832 -0.192168 -0.975530 -0.120013 0.014177 0.583547
128 3 -0.966037 0.257777 0.017991 0.251010 0.952654 -0.171596 -0.061372 -0.161252 -0.985003 -0.093838 -0.023878 0.583907
129 3 -0.971642 0.228819 -0.059606 0.234934 0.962761 -0.133778 0.026775 -0.143987 -0.989217 -0.028628 -0.036745 0.546356
130 3 -0.991992 0.114638 -0.053004 0.120079 0.986139 -0.114505 0.039143 -0.119953 -0.992008 0.032250 0.017702 0.535578
131 3 -0.993209 0.112407 0.030001 0.111704 0.993447 -0.024178 -0.032522 -0.020663 -0.999257 -0.013893 -0.003946 0.525024
132 3 -0.996433 -0.030233 0.078790 -0.029751 0.999531 0.007291 -0.078973 0.004921 -0.996865 -0.013233 0.000573 0.518011
133 3 -0.993481 0.113716 0.007955 0.113835 0.993361 0.016573 -0.006018 0.017370 -0.999831 0.007205 -0.002971 0.481147
134 3 -0.134644 0.509221 -0.850038 0.034788 0.859750 0.509529 0.990283 0.039034 -0.133475 -0.170323 -0.003092 0.442083
135 3 -0.130271 0.496979 -0.857929 0.039554 0.867218 0.496354 0.990689 0.030726 -0.132631 -0.166560 -0.006010 0.440835
136 3 -0.125933 0.682575 -0.719884 0.073490 0.730086 0.679392 0.989313 0.032653 -0.142104 -0.185815 0.044854 0.440351
137 3 -0.132317 0.482266 -0.865975 0.034640 0.875372 0.482207 0.990602 0.033807 -0.132532 -0.165591 -0.008958 0.441720
138 3 -0.167084 0.636803 -0.752705 0.126893 0.770976 0.624094 0.977743 0.008764 -0.209624 -0.151822 0.080999 0.455758
139 3 -0.163939 0.718981 -0.675419 0.168290 0.695029 0.699008 0.972009 0.000928 -0.234940 -0.141512 0.113833 0.460246
140 3 -0.131383 0.723521 -0.677684 0.195465 0.689097 0.697810 0.971870 -0.040783 -0.231959 -0.123065 0.131650 0.473655
141 3 -0.113798 0.754844 -0.645957 0.184160 0.654940 0.732897 0.976286 -0.035557 -0.213543 -0.133698 0.126694 0.468913
142 3 -0.087061 0.840487 -0.534792 0.182928 0.541190 0.820762 0.979264 -0.026372 -0.200866 -0.169822 0.136928 0.470877
143 3 -0.094095 0.831939 -0.546830 0.194919 0.554032 0.809355 0.976295 -0.030432 -0.214292 -0.170108 0.142104 0.476381
144 3 -0.092821 0.854417 -0.511230 0.195003 0.519103 0.832169 0.976401 -0.022449 -0.214798 -0.202647 0.141996 0.479577
145 3 -0.091118 0.789550 -0.606884 0.179425 0.612462 0.769868 0.979543 -0.038742 -0.197471 -0.117708 0.143649 0.480336
146 3 -0.015918 0.795524 -0.605713 0.046398 0.605725 0.794320 0.998796 -0.015460 -0.046553 -0.086091 0.067266 0.394567
147 3 -0.851390 0.517650 0.084692 0.504437 0.852293 -0.138345 -0.143796 -0.075064 -0.986756 -0.173648 -0.003655 0.446177
148 3 -0.859258 0.504955 0.081832 0.491174 0.859111 -0.143791 -0.142911 -0.083360 -0.986219 -0.169857 -0.006593 0.444949
149 3 -0.722282 0.689423 0.054816 0.674603 0.719779 -0.163796 -0.152380 -0.081328 -0.984970 -0.189192 0.045064 0.444437
150 3 -0.913697 0.375926 0.154393 0.349919 0.920940 -0.171540 -0.206673 -0.102711 -0.973004 -0.139806 0.020930 0.461381
151 3 -0.677631 0.730127 0.087929 0.693441 0.674193 -0.254172 -0.244859 -0.111262 -0.963154 -0.145043 0.114579 0.464133
152 3 -0.680253 0.730904 0.055094 0.691998 0.665186 -0.280476 -0.241649 -0.152670 -0.958279 -0.126464 0.132527 0.477632
153 3 -0.648880 0.760144 0.033702 0.727385 0.632697 -0.265719 -0.223308 -0.147905 -0.963461 -0.137018 0.127659 0.472935
154 3 -0.538463 0.842640 -0.003847 0.815878 0.520210 -0.252437 -0.210712 -0.139067 -0.967606 -0.172974 0.138292 0.474920
155 3 -0.557387 0.830246 0.003480 0.800915 0.538791 -0.261228 -0.218758 -0.142817 -0.965271 -0.166537 0.142950 0.483056
156 3 -0.550382 0.834902 0.004247 0.804279 0.531547 -0.265694 -0.224085 -0.142818 -0.964048 -0.173297 0.143473 0.480392
157 3 -0.514921 0.857238 0.000028 0.827282 0.496935 -0.262030 -0.224635 -0.134902 -0.965060 -0.205805 0.143481 0.483571
158 3 -0.610231 0.792195 0.006783 0.764634 0.591197 -0.256557 -0.207253 -0.151373 -0.966505 -0.120919 0.144752 0.484412
159 3 -0.609861 0.789533 -0.068615 0.790480 0.599824 -0.123904 -0.056669 -0.129803 -0.989919 -0.088975 0.067835 0.398983
160 3 0.739750 0.527051 0.418315 -0.607893 0.790016 0.079629 -0.288507 -0.313196 0.904805 0.074670 -0.025747 0.282055
161 3 0.793042 0.601137 -0.098583 -0.590715 0.798413 0.116587 0.148795 -0.034224 0.988276 0.003558 0.044244 0.349495
162 3 0.767197 0.622018 -0.156531 -0.605959 0.782889 0.141064 0.210291 -0.013373 0.977547 -0.016916 0.073277 0.401547
163 3 0.824212 0.535165 -0.185128 -0.513608 0.844158 0.153637 0.238498 -0.031546 0.970630 0.011875 0.085764 0.417230
164 3 0.864541 0.469937 -0.178126 -0.448764 0.881426 0.147306 0.226229 -0.047415 0.972919 0.051051 0.103357 0.422246
165 3 0.690744 0.624388 -0.364709 -0.631764 0.766479 0.115689 0.351776 0.150498 0.923907 -0.024412 0.091722 0.422636
166 3 0.756640 0.602604 -0.253700 -0.589040 0.796661 0.135510 0.283772 0.046907 0.957744 -0.020319 0.086445 0.422596
167 3 0.831463 0.531213 -0.162732 -0.511513 0.846264 0.148968 0.216848 -0.040622 0.975360 0.008281 0.073633 0.411996
168 3 0.829599 0.535073 -0.159571 -0.512183 0.843051 0.164116 0.222340 -0.054421 0.973449 0.011481 0.079101 0.417838
169 3 0.848074 0.494175 -0.191209 -0.479860 0.869319 0.118399 0.224732 -0.008657 0.974382 -0.034121 0.018642 0.363140
170 3 0.923297 0.368101 -0.109654 0.229360 -0.757408 -0.611333 -0.308084 0.539292 -0.783740 -0.240910 0.255129 0.861319
171 3 0.932552 0.351083 -0.084190 0.218546 -0.734552 -0.642395 -0.287375 0.580667 -0.761736 -0.270817 0.294813 0.860483
172 3 0.923592 0.367318 -0.109791 0.228292 -0.757014 -0.612220 -0.307993 0.540377 -0.783028 -0.241547 0.255229 0.859639
173 3 0.868859 0.418079 -0.265129 0.291045 -0.864599 -0.409587 -0.400470 0.278709 -0.872895 -0.093030 0.056162 0.824114
174 3 0.868595 0.430167 -0.245966 0.309348 -0.858500 -0.409001 -0.387101 0.279166 -0.878760 -0.083460 0.043368 0.833567
175 3 0.837188 0.459025 -0.297342 0.348735 -0.866846 -0.356316 -0.421308 0.194610 -0.885792 -0.033640 0.021568 0.797132
176 3 0.795409 0.535722 -0.283418 0.426005 -0.826815 -0.367284 -0.431096 0.171404 -0.885876 0.031285 0.033193 0.774932
177 3 0.682118 0.670102 -0.292708 0.593994 -0.741222 -0.312667 -0.426481 0.039409 -0.903638 0.143765 0.072408 0.736248
178 3 0.599577 0.744123 -0.294597 0.681907 -0.667686 -0.298662 -0.418939 -0.021817 -0.907752 0.214272 0.108305 0.705553
179 3 0.379802 0.903505 -0.198568 0.823391 -0.428013 -0.372601 -0.421636 -0.021985 -0.906499 0.206962 0.156470 0.705829
180 3 0.112760 0.989916 -0.085736 0.901446 -0.138212 -0.410235 -0.417948 -0.031029 -0.907941 0.184157 0.203524 0.705903
181 3 0.244940 0.958799 -0.143905 0.877868 -0.282324 -0.386834 -0.411524 -0.031578 -0.910852 0.196687 0.181354 0.709730
182 3 0.868895 0.293272 -0.398765 0.268514 -0.956018 -0.118021 -0.415839 -0.004526 -0.909427 0.192706 0.018277 0.709140
183 3 0.800898 -0.536951 -0.265039 -0.510439 -0.843612 0.166648 -0.313072 0.001818 -0.949728 0.071223 -0.072940 0.707380
184 3 0.771219 -0.526936 -0.357155 -0.544875 -0.836535 0.057630 -0.329140 0.150160 -0.932265 0.156587 0.026415 0.711674
185 3 0.768534 -0.537292 -0.347379 -0.579636 -0.814565 -0.022484 -0.270883 0.218634 -0.937455 0.147648 0.105234 0.715514
186 3 0.716944 -0.471382 -0.513604 -0.525876 -0.849346 0.045449 -0.457652 0.237507 -0.856823 0.312622 0.036425 0.698372
187 3 0.759514 -0.533074 -0.372788 -0.480501 -0.846060 0.230870 -0.438472 0.003776 -0.898737 0.176445 -0.109982 0.620443
188 3 0.724811 -0.592567 -0.351444 -0.534766 -0.805516 0.255282 -0.434366 0.002909 -0.900732 0.121976 -0.096696 0.628930
189 3 0.623177 -0.695236 -0.358187 -0.654917 -0.714234 0.246888 -0.427474 0.080728 -0.900416 0.067185 -0.014521 0.681486
190 3 0.608679 -0.676500 -0.414556 -0.708327 -0.698733 0.100226 -0.357467 0.232636 -0.904488 0.109879 0.076167 0.778198
191 3 0.642944 -0.615812 -0.455411 -0.706340 -0.706645 -0.041669 -0.296154 0.348466 -0.889306 0.169904 0.141764 0.844606
192 3 0.668936 -0.563454 -0.484814 -0.698586 -0.699402 -0.151044 -0.253973 0.439723 -0.861476 0.209257 0.198121 0.881510
193 3 0.718498 -0.509885 -0.473052 -0.293863 -0.838988 0.457977 -0.630401 -0.190043 -0.752648 -0.128551 -0.154899 0.652841
194 3 0.733120 -0.454219 -0.506181 -0.227397 -0.865152 0.446993 -0.640957 -0.212596 -0.737548 -0.116052 -0.190166 0.632740
195 3 0.731740 -0.333990 -0.594145 -0.248875 -0.942449 0.223273 -0.634522 -0.015510 -0.772749 -0.000273 -0.059318 0.750369
196 3 0.765450 -0.101036 -0.635514 -0.064366 -0.994665 0.080610 -0.640268 -0.020797 -0.767870 0.041182 -0.065849 0.748307
197 3 0.741957 0.217124 -0.634316 0.183761 -0.975736 -0.119046 -0.644772 -0.028235 -0.763853 0.095942 -0.057589 0.747006
198 3 0.716914 0.258267 -0.647559 0.210202 -0.965701 -0.152437 -0.664717 -0.026834 -0.746613 0.132402 -0.045622 0.746790
199 3 0.732502 0.263649 -0.627638 0.232799 -0.963389 -0.132992 -0.639723 -0.048697 -0.767061 0.135282 -0.074751 0.747213
200 3 0.806839 0.348428 -0.477083 0.252192 -0.933420 -0.255199 -0.534237 0.085588 -0.840991 0.103377 -0.000078 0.843296
201 3 0.855738 0.386755 -0.343706 0.257783 -0.894652 -0.364892 -0.448621 0.223650 -0.865286 0.055379 0.064370 0.908061
202 3 0.836229 0.377077 -0.398163 0.259808 -0.911835 -0.317893 -0.482929 0.162386 -0.860471 0.077858 0.035935 0.884121
203 3 0.864680 0.235010 -0.443958 0.134898 -0.959982 -0.245432 -0.483871 0.152331 -0.861780 0.071677 0.013758 0.882356
204 3 0.852084 0.301363 -0.427940 0.194491 -0.941370 -0.275673 -0.485927 0.151666 -0.860739 0.078672 0.015504 0.881423
205 3 0.939714 0.309612 0.145182 0.332113 -0.927473 -0.171740 0.081480 0.209603 -0.974386 -0.010731 -0.025679 0.877355
206 3 0.943010 0.256993 0.211391 0.290318 -0.945848 -0.145212 0.162625 0.198307 -0.966554 -0.102940 -0.065594 0.865536
207 3 0.927075 0.231375 0.294954 0.325392 -0.887364 -0.326657 0.186152 0.398812 -0.897940 -0.192356 0.125115 0.899879
208 3 0.932098 0.240202 0.271103 0.314282 -0.908421 -0.275677 0.180058 0.342160 -0.922228 -0.166053 0.068124 0.885080
209 3 0.911977 0.218915 0.346951 0.335732 -0.884287 -0.324532 0.235759 0.412448 -0.879946 -0.219991 0.109019 0.914761
210 3 0.927502 0.139650 0.346753 0.268373 -0.894478 -0.357611 0.260223 0.424744 -0.867108 -0.275441 0.116430 0.915709
211 3 0.952955 0.072452 0.294325 0.188016 -0.902928 -0.386485 0.237753 0.423641 -0.874072 -0.298741 0.133487 0.902056
212 3 0.946929 0.063972 0.315012 0.200340 -0.883831 -0.422737 0.251374 0.463411 -0.849742 -0.319573 0.176520 0.909274
213 3 0.918747 0.288843 0.269208 0.382041 -0.822526 -0.421302 0.099741 0.489918 -0.866044 -0.139749 0.218875 0.946317
214 3 0.917732 0.281309 0.280415 0.383616 -0.810789 -0.442108 0.102989 0.513309 -0.852002 -0.154873 0.251866 0.953787
215 3 0.903062 0.297415 0.309876 0.407010 -0.823016 -0.396216 0.137192 0.483931 -0.864285 -0.147039 0.195695 0.953567
216 3 0.841643 0.288145 0.456738 0.488991 -0.765555 -0.418106 0.229183 0.575237 -0.785225 -0.225934 0.248373 0.980881
217 3 0.841019 0.181287 0.509728 0.443156 -0.771288 -0.456867 0.310323 0.610122 -0.729007 -0.328476 0.263672 0.978712
218 3 0.959966 0.081775 0.267915 0.222610 -0.803266 -0.552456 0.170030 0.589980 -0.789312 -0.364379 0.263785 0.957473
219 3 0.949286 0.172300 0.262999 0.290191 -0.802091 -0.521958 0.121016 0.571807 -0.811413 -0.349492 0.209538 0.960345
220 3 0.825836 0.401227 0.396247 0.551735 -0.720131 -0.420714 0.116548 0.566064 -0.816081 -0.361566 0.090767 0.965307
221 3 0.652805 0.579740 0.487594 0.748512 -0.592651 -0.297479 0.116513 0.559166 -0.820828 -0.342517 -0.015874 0.968342
222 3 0.653137 0.577564 0.489726 0.748003 -0.592792 -0.298479 0.117915 0.561264 -0.819194 -0.350702 -0.010778 0.971849
223 3 0.669303 0.658596 0.343925 0.739553 -0.635006 -0.223225 0.071379 0.403756 -0.912078 -0.178954 -0.099085 0.946608
224 3 0.678380 0.686934 0.260620 0.732766 -0.658385 -0.172000 0.053436 0.307655 -0.949996 -0.078210 -0.152252 0.911212
225 3 0.684514 0.704641 0.186872 0.727511 -0.676663 -0.113378 0.046559 0.213561 -0.975820 0.000549 -0.195802 0.873665
226 3 0.649522 0.694783 0.308867 0.746271 -0.660324 -0.083976 0.145607 0.285042 -0.947391 -0.065854 -0.210848 0.895452
227 3 0.602046 0.670891 0.432949 0.756175 -0.653186 -0.039347 0.256399 0.351074 -0.900559 -0.138218 -0.229506 0.909312
228 3 0.531047 0.629737 0.566939 0.752454 -0.658123 0.026204 0.389617 0.412680 -0.823343 -0.212188 -0.247149 0.910883
229 3 0.568315 0.550970 0.611106 0.691972 -0.721888 0.007333 0.445190 0.418700 -0.791515 -0.283587 -0.279534 0.895737
230 3 0.695131 0.622553 0.359473 0.695040 -0.709734 -0.114880 0.183611 0.329705 -0.926057 -0.143433 -0.233488 0.906613
231 3 0.662954 0.567054 0.488817 0.707797 -0.687492 -0.162417 0.243959 0.453658 -0.857134 -0.287572 -0.152767 0.950503
232 3 0.675627 0.615516 0.405793 0.704449 -0.701320 -0.109099 0.217438 0.359571 -0.907430 -0.196532 -0.210121 0.916611
233 3 0.593397 0.707966 0.382967 0.787151 -0.609804 -0.092364 0.168144 0.356261 -0.919133 -0.106961 -0.162273 0.926570
234 3 0.476645 0.797346 0.370200 0.871509 -0.483795 -0.080088 0.115243 0.360806 -0.925493 -0.025620 -0.088369 0.940220
235 3 0.420880 0.830494 0.364883 0.901599 -0.427284 -0.067440 0.099900 0.357362 -0.928608 0.004599 -0.053588 0.944972
236 3 0.593523 0.708104 0.382517 0.787288 -0.609483 -0.093319 0.167058 0.356538 -0.919224 -0.106902 -0.163373 0.930039
237 3 0.604283 0.699242 0.381972 0.779389 -0.618334 -0.101070 0.165514 0.358780 -0.918630 -0.112594 -0.167369 0.929959
238 3 0.361684 0.860984 0.357619 0.929569 -0.362381 -0.067687 0.071317 0.356913 -0.931411 0.036627 -0.010742 0.946267
239 3 0.089066 0.891106 0.444968 0.993488 -0.047613 -0.103509 -0.071051 0.451290 -0.889544 -0.004422 0.248130 0.988672
240 3 0.114931 0.902188 0.415749 0.985656 -0.051503 -0.160715 -0.123583 0.428257 -0.895166 0.013767 0.273712 0.981494
241 3 0.283566 0.851705 0.440668 0.957312 -0.224553 -0.182017 -0.056071 0.473470 -0.879023 -0.048534 0.157931 0.997557
242 3 -0.074143 0.881586 -0.466165 -0.990248 -0.009796 0.138971 0.117948 0.471922 0.873715 -0.010856 -0.182273 0.841419
243 3 -0.147516 0.884808 -0.441989 -0.947777 0.001302 0.318931 0.282768 0.465955 0.838408 -0.028612 -0.114079 0.883585
244 3 -0.096649 0.882812 -0.459676 -0.913436 0.104770 0.393267 0.395341 0.457893 0.796266 -0.020847 -0.038839 0.915306
245 3 0.097966 0.842338 -0.529971 -0.910456 0.290884 0.294033 0.401835 0.453710 0.795409 0.009998 -0.048248 0.913135
246 3 -0.305532 0.883332 -0.355491 -0.858254 -0.093792 0.504583 0.412372 0.459268 0.786779 -0.054581 -0.015418 0.914101
247 3 -0.597433 0.785389 -0.161981 -0.699278 -0.411353 0.584636 0.392535 0.462550 0.794961 -0.093784 0.026653 0.917098
248 3 -0.824081 0.562601 0.066112 -0.419375 -0.684377 0.596450 0.380809 0.463797 0.799923 -0.116680 0.087474 0.921748
249 3 -0.898039 -0.024885 0.439211 0.232397 -0.874549 0.425624 0.373520 0.484298 0.791163 -0.091267 0.198964 0.914672
250 3 -0.867528 -0.202331 0.454375 0.386163 -0.849744 0.358906 0.313485 0.486825 0.815309 -0.103324 0.227994 0.905595
251 3 -0.870856 -0.205179 0.446667 0.386833 -0.846731 0.365249 0.303265 0.490865 0.816751 -0.108436 0.228468 0.902688
252 3 -0.861093 -0.137917 0.489386 0.348643 -0.860756 0.370875 0.370092 0.489978 0.789274 -0.042127 0.208912 0.915175
253 3 0.992826 -0.088702 -0.080180 -0.117040 -0.858137 -0.499903 -0.024463 0.505701 -0.862362 -0.030478 0.217038 0.908965
254 3 0.993484 -0.097875 -0.058404 -0.113426 -0.899295 -0.422377 -0.011182 0.426249 -0.904537 -0.054754 0.133857 0.888619
255 3 0.997511 -0.070489 -0.001804 -0.069333 -0.975844 -0.207175 0.012843 0.206784 -0.978302 -0.082948 -0.109713 0.785328
256 3 0.993882 0.108369 0.021344 0.110303 -0.983852 -0.140955 0.005724 0.142447 -0.989786 0.042742 -0.153273 0.769900
257 3 0.946357 0.320798 0.038696 0.321323 -0.946935 -0.008051 0.034060 0.020053 -0.999219 0.188876 -0.227583 0.743489
258 3 0.939772 0.341728 0.007047 0.334230 -0.914446 -0.228208 -0.071541 0.216819 -0.973587 0.239514 -0.051652 0.787904
259 3 0.936619 0.350339 -0.002817 0.333298 -0.893480 -0.301009 -0.107972 0.280992 -0.953617 0.255938 0.005643 0.792268
260 3 0.928230 0.359262 -0.096537 0.322705 -0.906729 -0.271485 -0.185067 0.220847 -0.957589 0.346701 -0.022552 0.767470
261 3 0.918286 0.395892 -0.004538 0.377133 -0.878149 -0.294322 -0.120505 0.268561 -0.955695 0.290470 0.007672 0.788088
262 3 0.917950 0.396682 -0.003283 0.378022 -0.877220 -0.295945 -0.120276 0.270422 -0.955199 0.290371 0.008195 0.788948
263 3 0.925405 0.378954 0.004462 0.371746 -0.905389 -0.205125 -0.073692 0.191482 -0.978726 0.264215 -0.080454 0.747247
264 3 0.976405 0.215788 0.008255 0.212399 -0.952766 -0.217079 -0.038978 0.213710 -0.976119 0.134647 -0.077674 0.756387
265 3 0.833032 -0.045839 -0.551323 -0.195260 -0.956787 -0.215482 -0.517621 0.287155 -0.805984 0.189113 0.074638 0.798667
266 3 0.722205 -0.082000 -0.686801 -0.220826 -0.968319 -0.116598 -0.655481 0.235871 -0.717433 0.258650 0.023869 0.754992
267 3 0.784716 -0.100686 -0.611623 -0.261147 -0.948577 -0.178896 -0.562160 0.300106 -0.770657 0.190725 0.080304 0.803275
268 3 0.749271 -0.242332 -0.616335 -0.431928 -0.884289 -0.177402 -0.502028 0.399134 -0.767242 0.110488 0.165991 0.853515
269 3 0.751915 -0.193645 -0.630179 -0.374825 -0.911929 -0.167010 -0.542338 0.361784 -0.758276 0.148239 0.126913 0.834234
270 3 0.673806 -0.198477 -0.711753 -0.422166 -0.893960 -0.150371 -0.606433 0.401799 -0.686146 0.208120 0.163109 0.835085
271 3 0.669318 -0.191411 -0.717896 -0.444060 -0.877734 -0.179983 -0.595671 0.439255 -0.672481 0.219360 0.204376 0.845599
272 3 0.664515 -0.309527 -0.680156 -0.478785 -0.875177 -0.069498 -0.573746 0.371831 -0.729765 0.121081 0.145684 0.837301
273 3 0.661227 -0.229215 -0.714311 -0.485695 -0.856480 -0.174765 -0.571734 0.462496 -0.677656 0.195578 0.236203 0.853964
274 3 0.682307 -0.245832 -0.688494 -0.408025 -0.909492 -0.079618 -0.606607 0.335247 -0.720859 0.155635 0.091570 0.819357
275 3 0.687071 -0.243377 -0.684618 -0.405816 -0.910111 -0.083731 -0.602700 0.335358 -0.724077 0.152155 0.093919 0.820395
276 3 0.765865 0.048307 -0.641184 -0.176529 -0.943062 -0.281907 -0.618295 0.329090 -0.713731 0.158027 0.125505 0.816372
277 3 0.758962 0.196901 -0.620650 -0.063905 -0.926055 -0.371938 -0.647991 0.321950 -0.690258 0.166248 0.103072 0.780600
278 3 0.718246 0.203721 -0.665298 0.070315 -0.972534 -0.221888 -0.692228 0.112590 -0.712843 0.217152 -0.097484 0.686581
279 3 0.678144 0.398530 -0.617491 0.231057 -0.913214 -0.335638 -0.697663 0.084935 -0.711374 0.263645 -0.075342 0.670088
280 3 0.730122 0.555227 -0.398303 0.235490 -0.751640 -0.616101 -0.641457 0.356033 -0.679540 0.120958 0.193896 0.805410
281 3 0.724062 0.557352 -0.406316 0.243527 -0.757731 -0.605425 -0.645313 0.339416 -0.684374 0.131639 0.182708 0.829365
282 3 0.726378 0.557446 -0.402032 0.240603 -0.754177 -0.611006 -0.643805 0.347091 -0.681940 0.125473 0.189514 0.830370
283 3 0.731106 0.553103 -0.399451 0.234082 -0.753293 -0.614618 -0.640851 0.355847 -0.680208 0.121120 0.195352 0.831243
284 3 0.712144 0.563868 -0.418215 0.172888 -0.718235 -0.673980 -0.680412 0.407666 -0.608973 0.151163 0.296363 0.836277
285 3 0.679777 0.573552 -0.457101 0.204067 -0.746549 -0.633262 -0.704457 0.337198 -0.624530 0.202833 0.226825 0.808499
286 3 0.687116 0.492186 -0.534438 0.185396 -0.830011 -0.526032 -0.702496 0.262362 -0.661563 0.195909 0.101235 0.784323
287 3 0.730774 0.378900 -0.567807 0.109706 -0.886183 -0.450161 -0.673746 0.266674 -0.689167 0.125475 0.044309 0.794669
288 3 0.766724 0.208918 -0.607032 -0.019286 -0.937644 -0.347063 -0.641687 0.277809 -0.714884 0.008660 -0.024721 0.799772
289 3 -0.560989 -0.816814 0.134560 -0.735818 0.417533 -0.533140 0.379293 -0.398098 -0.835257 -0.054672 -0.009410 0.586571
290 3 -0.564107 -0.814810 0.133669 -0.734026 0.420724 -0.533101 0.378138 -0.398843 -0.835426 -0.054415 -0.010206 0.585101
291 3 -0.564604 -0.814653 0.132528 -0.734003 0.422164 -0.531993 0.377441 -0.397641 -0.836313 -0.055376 -0.009955 0.585170
292 3 -0.563240 -0.815524 0.132972 -0.734754 0.420694 -0.532121 0.378017 -0.397413 -0.836161 -0.055185 -0.009924 0.586349
293 3 -0.413975 -0.883017 0.221145 -0.833454 0.269990 -0.482141 0.366032 -0.383908 -0.847724 -0.031740 -0.026091 0.586814
294 3 -0.347912 -0.902724 0.253075 -0.866010 0.206035 -0.455605 0.359143 -0.377676 -0.853450 -0.021380 -0.031530 0.587596
295 3 -0.233709 -0.923147 0.305252 -0.909201 0.096232 -0.405083 0.344577 -0.372208 -0.861817 -0.003863 -0.038674 0.588203
296 3 -0.136999 -0.929871 0.341425 -0.931304 0.003475 -0.364227 0.337498 -0.367869 -0.866469 0.011253 -0.042824 0.587869
297 3 -0.006279 -0.923993 0.382358 -0.945911 -0.118541 -0.301995 0.324366 -0.363573 -0.873270 0.031006 -0.045481 0.587460
298 3 0.163463 -0.877372 0.451109 -0.921250 -0.299344 -0.248379 0.352958 -0.374983 -0.857210 0.058650 -0.043820 0.586245
299 3 0.329784 -0.818174 0.470993 -0.885785 -0.440733 -0.145393 0.326539 -0.369251 -0.870072 0.084219 -0.039574 0.584917
300 3 0.600053 -0.626187 0.497822 -0.728247 -0.685128 0.016006 0.331049 -0.372142 -0.867132 0.127116 -0.017165 0.583628
301 3 0.714923 -0.504395 0.484221 -0.615553 -0.782502 0.093723 0.331631 -0.365069 -0.869911 0.147185 -0.000856 0.584749
302 3 0.742496 -0.472039 0.475267 -0.583982 -0.803709 0.114089 0.328122 -0.362258 -0.872413 0.150916 0.004342 0.584146
303 3 0.720390 -0.488808 0.492042 -0.589799 -0.805028 0.063777 0.364932 -0.336150 -0.868232 0.142131 0.031799 0.580772
304 3 0.696386 -0.505984 0.508947 -0.596079 -0.802734 0.017547 0.399671 -0.315592 -0.860619 0.135639 0.051525 0.576012
305 3 0.693522 -0.506593 0.512240 -0.596264 -0.802676 0.013455 0.404347 -0.314761 -0.858737 0.135248 0.052205 0.575428
306 3 0.722762 -0.478907 0.498260 -0.600214 -0.792369 0.109063 0.342574 -0.377889 -0.860141 0.143718 0.014715 0.577229
307 3 0.754061 -0.463100 0.465758 -0.596440 -0.779768 0.190317 0.275047 -0.421308 -0.864204 0.159138 -0.028267 0.582415
308 3 0.675674 -0.547471 0.493700 -0.674168 -0.729829 0.113343 0.298265 -0.409420 -0.862214 0.178577 -0.102355 0.591674
309 3 0.667573 -0.599282 0.441822 -0.685861 -0.725893 0.051711 0.289726 -0.337549 -0.895611 0.180585 -0.102796 0.590144
310 3 0.710101 -0.543030 0.448191 -0.654935 -0.743106 0.137309 0.258491 -0.391039 -0.883329 0.166558 -0.052397 0.583600
311 3 0.727025 -0.572494 0.379058 -0.638713 -0.766487 0.067407 0.251953 -0.291116 -0.922915 0.224330 -0.050674 0.575492
312 3 0.730605 -0.576211 0.366330 -0.633415 -0.772290 0.048520 0.254956 -0.267488 -0.929219 0.226049 -0.048403 0.576229
313 3 0.734954 -0.576185 0.357565 -0.627431 -0.777829 0.036244 0.257241 -0.250985 -0.933185 0.225700 -0.045168 0.577057
314 3 0.633578 -0.621350 0.460980 -0.637882 -0.756698 -0.143231 0.437819 -0.203303 -0.875775 0.157873 -0.049676 0.594320
315 3 0.213398 -0.866522 0.451221 -0.920359 -0.333236 -0.204675 0.327719 -0.371608 -0.868624 0.049896 -0.093141 0.586422
316 3 0.068862 -0.905622 0.418457 -0.938385 -0.201190 -0.280991 0.338661 -0.373324 -0.863677 0.020957 -0.090818 0.586080
317 3 -0.128388 -0.923361 0.361830 -0.922590 -0.022632 -0.385119 0.363793 -0.383265 -0.848978 -0.017697 -0.081403 0.586392
318 3 -0.299582 -0.907152 0.295508 -0.881900 0.145129 -0.448542 0.364009 -0.394984 -0.843496 -0.051221 -0.068557 0.585625
319 3 -0.473656 -0.854703 0.212445 -0.799861 0.316512 -0.509943 0.368609 -0.411464 -0.833562 -0.084172 -0.047724 0.584762
320 3 -0.601822 -0.786731 0.137350 -0.714274 0.453303 -0.533225 0.357244 -0.419012 -0.834749 -0.108931 -0.024995 0.585041
321 3 -0.690549 -0.719027 0.078375 -0.637881 0.554344 -0.534612 0.340953 -0.419169 -0.841456 -0.125880 -0.005978 0.585397
322 3 -0.777238 -0.629191 0.004442 -0.532945 0.654559 -0.536211 0.334472 -0.419131 -0.844072 -0.140267 0.018627 0.585465
323 3 -0.776564 -0.629970 0.009311 -0.537770 0.655064 -0.530749 0.328257 -0.417168 -0.847478 -0.140729 0.018390 0.585746
324 3 -0.734492 -0.677655 0.036130 -0.584724 0.604949 -0.540495 0.344413 -0.418115 -0.840571 -0.105345 0.006027 0.591211
325 3 -0.664018 -0.742754 0.086002 -0.665728 0.534918 -0.520258 0.340419 -0.402714 -0.849668 -0.052258 -0.011957 0.598898
326 3 -0.697019 -0.714410 0.061510 -0.631811 0.571330 -0.523829 0.339086 -0.403981 -0.849600 -0.080597 -0.002953 0.595733
327 3 -0.752957 -0.657654 0.023377 -0.568370 0.632008 -0.526803 0.331679 -0.409947 -0.849666 -0.124692 0.012565 0.589216
328 3 -0.804255 -0.586580 0.095386 -0.521274 0.619223 -0.587228 0.285391 -0.522003 -0.803782 -0.224037 0.050363 0.569207
329 3 -0.762750 -0.631661 0.138622 -0.576801 0.567574 -0.587504 0.292425 -0.528076 -0.797260 -0.194083 0.038227 0.574288
330 3 -0.713450 -0.677973 0.177036 -0.633466 0.516065 -0.576539 0.299516 -0.523478 -0.797660 -0.162574 0.028000 0.583968
331 3 -0.723636 -0.658539 0.206583 -0.606920 0.464645 -0.644789 0.328631 -0.591972 -0.735915 -0.183753 0.085794 0.602112
332 3 -0.675555 -0.720265 0.157622 -0.687271 0.537736 -0.488364 0.266992 -0.438245 -0.858287 -0.105887 -0.058050 0.554142
333 3 -0.665267 -0.732325 0.145325 -0.699758 0.543733 -0.463351 0.260305 -0.409945 -0.874178 -0.088406 -0.086523 0.540213
