0 3 -0.997216 -0.018144 -0.072319 0.070486 -0.545666 -0.835033 -0.024311 -0.837807 0.545426 0.125854 -0.114508 0.693184
1 3 -0.968123 -0.248466 -0.031655 0.172040 -0.567779 -0.805003 0.182043 -0.784788 0.592426 0.195504 -0.065170 0.679235
2 3 -0.962758 -0.234835 -0.133980 0.234051 -0.475843 -0.847817 0.135343 -0.847600 0.513085 0.108572 -0.083797 0.655400
3 3 -0.948765 -0.273385 -0.158447 0.269968 -0.440753 -0.856069 0.164200 -0.854984 0.491976 0.056052 -0.064542 0.642860
4 3 -0.799438 -0.490876 -0.346322 0.491236 -0.202305 -0.847207 0.345811 -0.847416 0.402867 -0.006758 -0.030933 0.630480
5 3 -0.762524 -0.510674 -0.397202 0.494092 -0.063335 -0.867100 0.417648 -0.857439 0.300614 -0.010497 -0.048051 0.598922
6 3 -0.740333 -0.595430 -0.312043 0.419604 -0.046651 -0.906508 0.525204 -0.802052 0.284382 0.018233 -0.090597 0.515240
7 3 -0.936214 -0.343426 -0.074585 0.210589 -0.378321 -0.901402 0.281347 -0.859612 0.426511 0.032619 -0.040811 0.526900
8 3 -0.991643 -0.124319 0.034483 -0.011111 -0.183990 -0.982865 0.128533 -0.975035 0.181072 0.041151 0.003818 0.592058
9 3 -0.977013 0.047366 0.207852 -0.208073 0.000263 -0.978113 -0.046384 -0.998878 0.009598 0.119046 -0.029688 0.622069
10 3 -0.970228 0.180731 0.161226 -0.153163 0.057805 -0.986509 -0.187613 -0.981832 -0.028402 0.131107 -0.039855 0.636975
11 3 -0.948356 0.248037 0.197733 -0.167607 0.137407 -0.976231 -0.269312 -0.958956 -0.088738 0.174131 -0.020727 0.680343
12 3 -0.882818 0.394636 0.254743 -0.198684 0.177693 -0.963820 -0.425624 -0.901492 -0.078462 0.103602 -0.024003 0.663918
13 3 -0.818631 0.443761 0.364581 -0.272499 0.258680 -0.926730 -0.505557 -0.857998 -0.090839 0.093878 -0.033537 0.599586
14 3 -0.817311 0.489792 0.303491 -0.347598 0.000962 -0.937643 -0.459542 -0.871839 0.169465 0.095473 -0.034045 0.606666
15 3 -0.789348 0.516151 0.332443 -0.429743 -0.077794 -0.899594 -0.438464 -0.852958 0.283218 0.109872 -0.060279 0.652004
16 3 -0.821584 0.507023 0.260629 -0.398168 -0.183154 -0.898842 -0.407998 -0.842248 0.352357 0.072098 -0.094986 0.690740
17 3 -0.941583 0.333504 0.046862 -0.169380 -0.348682 -0.921809 -0.291087 -0.875897 0.384802 0.065281 -0.063206 0.749696
18 3 -0.966779 0.090517 -0.239048 0.062082 -0.824047 -0.563109 -0.247958 -0.559243 0.791052 0.080912 0.217766 0.727277
19 3 -0.917306 -0.154333 -0.367058 0.342040 -0.777364 -0.527934 -0.203859 -0.609825 0.765869 0.049005 0.008857 0.718087
20 3 -0.634208 0.123341 -0.763261 0.615655 -0.516615 -0.595044 -0.467705 -0.847287 0.251706 0.104116 0.016602 0.545266
21 3 -0.587404 0.045610 -0.808008 0.704957 -0.461531 -0.538540 -0.397484 -0.885951 0.238952 0.080135 -0.032595 0.558768
22 3 -0.683438 0.059977 -0.727541 0.609789 -0.501005 -0.614126 -0.401335 -0.863364 0.305832 0.004066 -0.085085 0.663220
23 3 -0.778316 -0.056274 -0.625346 0.569546 -0.482490 -0.665448 -0.264275 -0.874092 0.407580 0.063278 -0.065173 0.638935
24 3 -0.820796 -0.161722 -0.547850 0.548046 -0.493367 -0.675451 -0.161055 -0.854655 0.493585 0.092098 -0.027121 0.653786
25 3 -0.925973 -0.156830 -0.343479 0.350933 -0.693172 -0.629570 -0.139355 -0.703503 0.696896 0.093764 0.143425 0.620635
26 3 -0.885781 -0.255594 -0.387381 0.455866 -0.635729 -0.622925 -0.087053 -0.728369 0.679633 0.062839 0.134959 0.648614
27 3 -0.922718 -0.272545 -0.272599 0.383600 -0.579555 -0.719005 0.037975 -0.768008 0.639314 -0.002867 0.053703 0.554994
28 3 -0.894233 -0.294564 -0.337014 0.446186 -0.526796 -0.723467 0.035570 -0.797319 0.602509 -0.048310 0.104212 0.536103
29 3 -0.993212 -0.049841 -0.105102 0.114005 -0.596494 -0.794479 -0.023095 -0.801068 0.598127 -0.119770 0.084405 0.519290
30 3 -0.992893 0.111619 0.041298 -0.093598 -0.518016 -0.850235 -0.073509 -0.848057 0.524781 -0.125285 0.031604 0.502392
31 3 -0.969508 0.177877 0.168565 -0.230251 -0.425700 -0.875080 -0.083898 -0.887209 0.453675 -0.123496 0.012347 0.486533
32 3 -0.922720 0.209206 0.323759 -0.380627 -0.361774 -0.851025 -0.060912 -0.908489 0.413445 -0.097672 0.007763 0.467431
33 3 -0.823388 0.216714 0.524468 -0.565557 -0.237394 -0.789803 -0.046656 -0.946931 0.318032 -0.070786 -0.025747 0.448866
34 3 -0.838188 -0.000607 0.545380 -0.435706 -0.600715 -0.670300 0.328025 -0.799463 0.503248 -0.046492 0.026675 0.535227
35 3 -0.816273 -0.034339 0.576644 -0.416650 -0.656435 -0.628884 0.400125 -0.753600 0.521523 -0.033379 0.065351 0.531090
36 3 -0.805271 -0.031101 0.592091 -0.419536 -0.675760 -0.606084 0.418961 -0.736465 0.531122 -0.055171 0.072335 0.524138
37 3 -0.802002 -0.008955 0.597254 -0.450051 -0.648374 -0.614057 0.392743 -0.761269 0.515967 -0.094681 0.024839 0.508330
38 3 -0.737575 0.035329 0.674340 -0.532895 -0.643794 -0.549138 0.414736 -0.764383 0.493673 -0.090408 0.007639 0.494335
39 3 -0.760200 0.038524 0.648546 -0.521616 -0.631296 -0.573918 0.387315 -0.774584 0.500006 -0.129110 -0.007119 0.503235
40 3 -0.958457 -0.094842 0.269009 -0.148350 -0.639767 -0.754116 0.243625 -0.762695 0.599119 -0.121797 -0.018589 0.416293
41 3 -0.964756 -0.075516 0.252077 -0.147638 -0.637632 -0.756061 0.217827 -0.766631 0.604011 -0.086673 -0.047538 0.414862
42 3 -0.982678 0.154961 0.101645 -0.169908 -0.534324 -0.828027 -0.074001 -0.830954 0.551397 -0.053059 -0.030060 0.406524
43 3 -0.975290 0.216640 0.043320 -0.151510 -0.513149 -0.844821 -0.160792 -0.830509 0.533292 -0.000819 -0.049370 0.474652
44 3 -0.941149 0.264264 -0.210719 -0.052195 -0.729603 -0.681876 -0.333937 -0.630749 0.700459 -0.093825 0.039165 0.498698
45 3 -0.936038 0.177107 -0.304081 0.039474 -0.805817 -0.590847 -0.349677 -0.565059 0.747285 -0.147074 0.064613 0.521755
46 3 -0.967443 0.207855 -0.144398 -0.100326 -0.838757 -0.535184 -0.232356 -0.503273 0.832302 -0.063292 0.076181 0.594258
47 3 -0.772419 0.369514 -0.516554 0.059396 -0.767733 -0.638010 -0.632330 -0.523493 0.571064 -0.039708 0.021697 0.606318
48 3 -0.666226 0.417067 -0.618222 0.185376 -0.710355 -0.678992 -0.722343 -0.566966 0.395943 -0.020920 0.062749 0.583027
49 3 -0.700101 0.255507 -0.666765 0.309535 -0.732889 -0.605856 -0.643465 -0.630547 0.434008 0.055245 0.103677 0.571108
50 3 -0.742155 0.205834 -0.637839 0.433779 -0.577956 -0.691232 -0.510922 -0.789683 0.339647 0.135914 0.029276 0.578725
51 3 -0.745815 0.117587 -0.655693 0.536999 -0.476336 -0.696230 -0.394198 -0.871365 0.292114 0.125739 0.026254 0.530866
52 3 -0.794595 0.184596 -0.578397 0.443206 -0.474745 -0.760385 -0.414956 -0.860547 0.295416 0.077469 0.084232 0.524829
53 3 -0.834227 0.163361 -0.526667 0.403430 -0.470296 -0.784899 -0.375911 -0.867257 0.326429 -0.004722 0.107866 0.498896
54 3 -0.862202 0.127788 -0.490182 0.407600 -0.399556 -0.821107 -0.300783 -0.907758 0.292412 -0.041716 0.055725 0.503261
55 3 -0.919653 -0.013790 -0.392490 0.371623 -0.353790 -0.858329 -0.127022 -0.935223 0.330489 -0.003074 0.029204 0.488527
56 3 -0.974310 -0.195606 -0.111612 0.182027 -0.392162 -0.901707 0.132610 -0.898859 0.417694 0.072407 0.035297 0.490047
57 3 -0.980643 -0.041567 0.191341 -0.151239 -0.459860 -0.875018 0.124362 -0.887018 0.444672 0.039570 0.044646 0.491139
58 3 -0.952880 0.061866 0.296971 -0.289379 -0.479033 -0.828726 0.090989 -0.875614 0.474364 0.000094 -0.000703 0.462929
59 3 -0.986371 -0.071995 0.147948 -0.075743 -0.599559 -0.796738 0.146064 -0.797085 0.585935 -0.007048 0.046865 0.440569
60 3 -0.962797 -0.239406 -0.125325 0.242476 -0.560688 -0.791729 0.119276 -0.792663 0.597879 -0.041445 0.048163 0.426177
61 3 -0.920484 -0.374519 -0.111559 0.262564 -0.381293 -0.886383 0.289430 -0.845193 0.449309 0.172308 0.085772 0.630709
62 3 -0.956680 -0.235913 -0.170614 0.230684 -0.256704 -0.938556 0.177621 -0.937256 0.300005 0.046126 -0.016770 0.639595
63 3 -0.968982 -0.153464 -0.193707 0.232566 -0.301146 -0.924783 0.083587 -0.941148 0.327495 -0.012484 0.010215 0.641359
64 3 -0.953774 -0.177197 -0.242727 0.288668 -0.315554 -0.903934 0.083581 -0.932216 0.352118 -0.040347 0.058398 0.624552
65 3 -0.991816 -0.087474 -0.093004 0.119111 -0.371604 -0.920719 0.045978 -0.924261 0.378982 -0.056855 0.068128 0.627182
66 3 -0.951788 0.063738 0.300062 -0.301062 -0.381688 -0.873885 0.058831 -0.922091 0.382476 -0.059103 0.016479 0.633084
67 3 -0.790014 0.243402 0.562702 -0.612385 -0.269322 -0.743270 -0.029365 -0.931784 0.361824 -0.125617 -0.107723 0.639627
68 3 -0.438511 0.325956 0.837532 -0.897936 -0.119853 -0.423493 -0.037660 -0.937757 0.345245 -0.014583 -0.161587 0.638863
69 3 -0.248966 0.280335 0.927054 -0.968504 -0.068237 -0.239464 -0.003871 -0.957474 0.288494 0.086559 -0.142500 0.632926
70 3 -0.402438 0.277855 0.872262 -0.915104 -0.148200 -0.374996 0.025075 -0.949122 0.313908 0.085628 -0.140251 0.613091
71 3 -0.558308 0.185613 0.808604 -0.808659 -0.339526 -0.480409 0.185372 -0.922101 0.339657 0.099250 -0.087272 0.613919
72 3 -0.866642 0.001864 0.498927 -0.454612 -0.414970 -0.788117 0.205571 -0.909833 0.360478 0.005450 -0.093313 0.617046
73 3 -0.928554 0.012765 0.370977 -0.345296 -0.396481 -0.850631 0.136227 -0.917954 0.372562 -0.085058 -0.136520 0.631730
74 3 -0.883890 0.102025 0.456431 -0.446926 -0.471842 -0.760015 0.137823 -0.875760 0.462654 -0.063921 -0.029041 0.674138
75 3 -0.887862 -0.095118 0.450171 -0.308516 -0.602787 -0.735843 0.341349 -0.792212 0.505846 0.030932 0.047515 0.658601
76 3 -0.866372 -0.197864 0.458530 -0.225850 -0.663668 -0.713118 0.445412 -0.721384 0.530295 0.085223 0.083297 0.638666
77 3 -0.847684 -0.255699 0.464811 -0.171100 -0.697574 -0.695784 0.502152 -0.669334 0.547572 0.125367 0.105255 0.617068
78 3 -0.905813 -0.143002 0.398816 -0.210235 -0.665542 -0.716139 0.367838 -0.732533 0.572792 0.001106 0.056307 0.626683
79 3 -0.906296 -0.201131 0.371717 -0.144600 -0.678869 -0.719880 0.397137 -0.706175 0.586173 -0.002919 0.066027 0.604497
80 3 -0.878128 -0.287936 0.382080 -0.071480 -0.710693 -0.699862 0.473057 -0.641879 0.603497 0.046373 0.090276 0.583314
81 3 -0.890980 -0.281660 0.356120 -0.090310 -0.658726 -0.746943 0.444970 -0.697673 0.561475 0.017587 0.029693 0.580979
82 3 -0.913463 -0.217487 0.343925 -0.076247 -0.738739 -0.669665 0.399714 -0.637937 0.658229 -0.022688 0.123589 0.623817
83 3 -0.921053 -0.195920 0.336565 -0.073863 -0.760663 -0.644931 0.382367 -0.618876 0.686140 -0.036916 0.154933 0.635457
84 3 -0.929998 -0.251673 0.267890 0.016751 -0.757084 -0.653103 0.367183 -0.602897 0.708302 -0.074301 0.163118 0.642827
85 3 -0.996799 -0.074791 0.028234 0.008435 -0.449604 -0.893188 0.079497 -0.890091 0.448796 -0.175023 -0.123946 0.699869
86 3 -0.985107 -0.079871 0.152267 -0.099322 -0.458544 -0.883104 0.140356 -0.885075 0.443782 -0.069551 -0.138973 0.667236
87 3 -0.966956 -0.020409 0.254126 -0.220640 -0.432404 -0.874268 0.127728 -0.901449 0.413612 -0.011519 -0.160403 0.647800
88 3 -0.963801 -0.015403 0.266177 -0.233939 -0.430075 -0.871956 0.127907 -0.902662 0.410903 -0.005535 -0.161785 0.646136
89 3 -0.984737 -0.023529 0.172451 -0.146949 -0.418560 -0.896222 0.093268 -0.907884 0.408714 -0.082870 -0.160308 0.667112
90 3 -0.985317 0.048545 0.163689 -0.169599 -0.388711 -0.905616 0.019664 -0.920080 0.391237 -0.118053 -0.185066 0.670026
91 3 -0.891464 0.276021 0.359312 -0.452324 -0.495999 -0.741207 -0.026370 -0.823284 0.567016 -0.090448 -0.003124 0.741492
92 3 -0.901034 0.236722 0.363457 -0.433746 -0.488565 -0.757080 -0.001645 -0.839802 0.542890 -0.073423 -0.012622 0.714834
93 3 -0.906048 0.289126 0.309003 -0.406283 -0.390087 -0.826296 -0.118365 -0.874207 0.470905 -0.148782 -0.120124 0.687524
94 3 -0.773974 0.269057 0.573212 -0.630999 -0.403413 -0.662645 0.052952 -0.874567 0.482005 0.011800 0.041348 0.664076
95 3 -0.753535 0.214967 0.621268 -0.642195 -0.442818 -0.625697 0.140604 -0.870460 0.471730 0.064622 0.087440 0.642558
96 3 -0.997216 -0.018144 -0.072319 0.070486 -0.545666 -0.835033 -0.024311 -0.837807 0.545426 0.125854 -0.114508 0.693184
97 3 -0.994109 -0.098646 -0.044903 0.092894 -0.562020 -0.821891 0.055840 -0.821220 0.567873 0.162671 -0.086564 0.696282
98 3 -0.970547 -0.221961 -0.093654 0.199303 -0.521376 -0.829726 0.135338 -0.823954 0.550258 0.147843 -0.096016 0.674775
99 3 -0.967624 -0.212547 -0.136115 0.225962 -0.489247 -0.842365 0.112448 -0.845849 0.521435 0.115763 -0.093850 0.671450
100 3 -0.962182 -0.239284 -0.130188 0.232432 -0.471924 -0.850449 0.142060 -0.848546 0.509694 0.104623 -0.076394 0.652367
101 3 -0.961649 -0.239356 -0.133940 0.234318 -0.463086 -0.854779 0.142571 -0.853382 0.501411 0.076002 -0.071634 0.649709
102 3 -0.950545 -0.268626 -0.155900 0.265888 -0.444372 -0.855475 0.160525 -0.854619 0.493820 0.056942 -0.063541 0.644035
103 3 -0.901874 -0.385540 -0.194888 0.334236 -0.336921 -0.880210 0.273694 -0.858978 0.432722 0.057082 -0.082648 0.621361
104 3 -0.876770 -0.441498 -0.190669 0.345906 -0.303511 -0.887823 0.334102 -0.844370 0.418826 0.060859 -0.070468 0.606905
105 3 -0.874634 -0.439724 -0.204105 0.356893 -0.299109 -0.884964 0.328090 -0.846863 0.418545 0.040699 -0.050160 0.612113
106 3 -0.831625 -0.480001 -0.279283 0.425299 -0.227103 -0.876097 0.357101 -0.847362 0.393008 0.017613 -0.056230 0.616959
107 3 -0.800588 -0.493986 -0.339172 0.471740 -0.170568 -0.865082 0.369487 -0.852575 0.369588 0.011408 -0.025054 0.630272
108 3 -0.774636 -0.501440 -0.385353 0.487887 -0.086153 -0.868645 0.402374 -0.860892 0.311383 -0.008756 -0.042815 0.606468
109 3 -0.743700 -0.536953 -0.398236 0.473038 -0.001743 -0.881040 0.472383 -0.843610 0.255295 -0.010467 -0.075135 0.559648
110 3 -0.723033 -0.584929 -0.367536 0.449842 0.005117 -0.893093 0.524277 -0.811069 0.259426 0.005240 -0.100049 0.520759
111 3 -0.899172 -0.397465 -0.183059 0.270560 -0.176179 -0.946445 0.343927 -0.900546 0.265954 -0.004804 -0.126531 0.491009
112 3 -0.942706 -0.331693 -0.035842 0.180395 -0.416410 -0.891101 0.280647 -0.846512 0.452388 0.041943 -0.025312 0.538476
113 3 -0.966104 -0.258153 -0.000192 0.110175 -0.411642 -0.904662 0.233462 -0.874018 0.426131 0.036788 0.001980 0.558631
114 3 -0.978816 -0.197852 -0.052659 0.116877 -0.328792 -0.937142 0.168102 -0.923445 0.344951 0.006444 -0.009930 0.569313
115 3 -0.985979 -0.163433 -0.033690 0.078577 -0.276616 -0.957762 0.147211 -0.946981 0.285580 0.007323 0.002279 0.576799
116 3 -0.992709 -0.120534 0.000924 0.021847 -0.187458 -0.982030 0.118542 -0.974849 0.188725 0.024034 -0.012886 0.592149
117 3 -0.992846 -0.099679 0.065730 -0.048357 -0.167640 -0.984662 0.109169 -0.980796 0.161620 0.053169 -0.001368 0.599986
118 3 -0.975327 0.055237 0.213744 -0.213407 0.012003 -0.976890 -0.056526 -0.998401 0.000081 0.121149 -0.035017 0.621731
119 3 -0.961601 0.101161 0.255129 -0.250762 0.053979 -0.966543 -0.111548 -0.993405 -0.026539 0.135265 -0.033626 0.624868
120 3 -0.972705 0.164040 0.164121 -0.153068 0.077976 -0.985134 -0.174399 -0.983367 -0.050738 0.124800 -0.057327 0.633078
121 3 -0.950451 0.247092 0.188650 -0.151396 0.162112 -0.975089 -0.271519 -0.955335 -0.116670 0.169982 -0.027688 0.675175
122 3 -0.932002 0.286891 0.221506 -0.180471 0.162674 -0.970035 -0.314328 -0.944050 -0.099837 0.152817 -0.031446 0.670571
123 3 -0.905586 0.342230 0.250584 -0.201461 0.172850 -0.964125 -0.373265 -0.923581 -0.087585 0.125063 -0.031280 0.672099
124 3 -0.849818 0.436941 0.294773 -0.223231 0.208252 -0.952260 -0.477469 -0.875050 -0.079438 0.087801 -0.020672 0.642069
125 3 -0.825524 0.444492 0.347759 -0.264322 0.239921 -0.934116 -0.498642 -0.863055 -0.080571 0.098290 -0.030760 0.603770
126 3 -0.783811 0.498160 0.370778 -0.407710 0.037553 -0.912339 -0.468414 -0.866272 0.173671 0.078858 0.071380 0.610949
127 3 -0.817348 0.466208 0.338515 -0.346530 0.071596 -0.935303 -0.460282 -0.881773 0.103036 0.105167 -0.018949 0.593400
128 3 -0.820309 0.472562 0.322147 -0.373516 -0.016109 -0.927484 -0.433104 -0.881150 0.189724 0.114247 -0.038154 0.603048
129 3 -0.833077 0.463051 0.302600 -0.374252 -0.068997 -0.924757 -0.407331 -0.883642 0.230778 0.134926 -0.057935 0.619233
130 3 -0.789348 0.516151 0.332443 -0.429743 -0.077794 -0.899594 -0.438464 -0.852958 0.283218 0.109872 -0.060279 0.652004
131 3 -0.807092 0.519329 0.280892 -0.395913 -0.123094 -0.910001 -0.438014 -0.845663 0.304957 0.073597 -0.097874 0.661292
132 3 -0.826865 0.501042 0.255443 -0.392889 -0.189632 -0.899821 -0.402409 -0.844391 0.353654 0.081478 -0.095304 0.699505
133 3 -0.945369 0.309144 0.103482 -0.193634 -0.277107 -0.941126 -0.262268 -0.909748 0.321829 0.123841 -0.107960 0.706732
134 3 -0.926330 0.376154 0.020538 -0.180405 -0.395091 -0.900754 -0.330707 -0.838100 0.433844 0.027748 -0.033257 0.753476
135 3 -0.953061 0.271523 -0.133978 -0.088728 -0.673529 -0.733816 -0.289487 -0.687484 0.666006 0.035990 0.125275 0.747886
136 3 -0.966401 0.097870 -0.237677 0.056967 -0.820126 -0.569339 -0.250647 -0.563750 0.786996 0.077612 0.215119 0.729406
137 3 -0.956061 0.067878 -0.285202 0.129284 -0.775507 -0.617960 -0.263122 -0.627680 0.732656 0.062272 0.147126 0.724120
138 3 -0.918616 -0.170228 -0.356604 0.341202 -0.796896 -0.498536 -0.199312 -0.579638 0.790124 0.081977 0.095690 0.717113
139 3 -0.919415 -0.158469 -0.359948 0.340757 -0.777951 -0.527899 -0.196367 -0.608013 0.769260 0.058577 0.043193 0.723169
140 3 -0.925300 -0.126206 -0.357620 0.317207 -0.774390 -0.547448 -0.207846 -0.619993 0.756577 0.044257 0.004243 0.716304
141 3 -0.634208 0.123341 -0.763261 0.615655 -0.516615 -0.595044 -0.467705 -0.847287 0.251706 0.104116 0.016602 0.545266
142 3 -0.577463 0.112597 -0.808615 0.682243 -0.477453 -0.553699 -0.448420 -0.871413 0.198893 0.090038 0.011113 0.527688
143 3 -0.597073 0.020557 -0.801923 0.704485 -0.464689 -0.536438 -0.383673 -0.885235 0.262971 0.047156 -0.053968 0.587018
144 3 -0.602743 0.046892 -0.796556 0.679022 -0.494158 -0.542897 -0.419082 -0.868107 0.266010 -0.005830 -0.077758 0.639184
145 3 -0.698343 0.061477 -0.713118 0.595152 -0.503608 -0.626237 -0.397631 -0.861742 0.315103 -0.006460 -0.079468 0.672446
146 3 -0.741379 0.005202 -0.671066 0.579012 -0.500576 -0.643560 -0.339268 -0.865677 0.368105 0.028914 -0.068251 0.665569
147 3 -0.776275 -0.050174 -0.628394 0.569801 -0.482275 -0.665386 -0.269673 -0.874582 0.402967 0.060126 -0.065483 0.640206
148 3 -0.815580 -0.075564 -0.573689 0.533120 -0.483587 -0.694210 -0.224971 -0.872029 0.434688 0.078130 -0.059184 0.632961
149 3 -0.821826 -0.118148 -0.557354 0.542484 -0.461220 -0.702130 -0.174108 -0.879385 0.443136 0.079562 -0.063308 0.637060
150 3 -0.935328 -0.073512 -0.346060 0.295910 -0.698686 -0.651364 -0.193904 -0.711642 0.675253 0.086261 0.133868 0.614438
151 3 -0.931301 -0.139909 -0.336308 0.335231 -0.690350 -0.641122 -0.142472 -0.709818 0.689826 0.047610 0.151041 0.639276
152 3 -0.887634 -0.249560 -0.387074 0.451353 -0.638502 -0.623374 -0.091578 -0.728035 0.679395 0.063227 0.135608 0.653662
153 3 -0.926039 -0.129974 -0.354341 0.344531 -0.674443 -0.653013 -0.154108 -0.726797 0.669340 -0.013418 0.141503 0.612795
154 3 -0.921994 -0.085293 -0.377693 0.348875 -0.606130 -0.714767 -0.167966 -0.790779 0.588605 -0.052869 0.058074 0.576313
155 3 -0.941339 -0.101756 -0.321754 0.312326 -0.623788 -0.716479 -0.127800 -0.774942 0.618977 -0.036546 0.057322 0.559230
156 3 -0.940957 -0.150429 -0.303269 0.329238 -0.615072 -0.716442 -0.078759 -0.773988 0.628283 -0.038798 0.063685 0.548346
157 3 -0.911227 -0.298556 -0.283777 0.408213 -0.562535 -0.718969 0.055018 -0.770986 0.634471 -0.002519 0.052756 0.555618
158 3 -0.921502 -0.274954 -0.274290 0.384469 -0.545912 -0.744422 0.054944 -0.791442 0.608770 -0.018146 0.069031 0.545666
159 3 -0.894444 -0.298664 -0.332822 0.445336 -0.527379 -0.723566 0.040580 -0.795406 0.604716 -0.042333 0.105048 0.537355
160 3 -0.936427 -0.202397 -0.286600 0.350538 -0.574807 -0.739405 -0.015086 -0.792863 0.609213 -0.091534 0.090287 0.528112
161 3 -0.978052 -0.113899 -0.174472 0.207380 -0.613199 -0.762220 -0.020170 -0.781674 0.623362 -0.112426 0.112174 0.525199
162 3 -0.998270 -0.022499 -0.054313 0.057256 -0.581658 -0.811416 -0.013336 -0.813122 0.581940 -0.111788 0.067620 0.517042
163 3 -0.998345 0.056721 0.009525 -0.037439 -0.515172 -0.856268 -0.043661 -0.855208 0.516443 -0.115118 0.027548 0.508159
164 3 -0.991661 0.119307 0.048722 -0.104262 -0.520526 -0.847456 -0.075747 -0.845469 0.528625 -0.127269 0.032954 0.501286
165 3 -0.977669 0.183336 0.102719 -0.177436 -0.458242 -0.870937 -0.112604 -0.869714 0.480539 -0.136290 0.015075 0.483200
166 3 -0.972403 0.176605 0.152459 -0.216529 -0.439796 -0.871605 -0.086879 -0.880563 0.465899 -0.123449 0.021423 0.485178
167 3 -0.944935 0.165964 0.282054 -0.326030 -0.402777 -0.855263 -0.028338 -0.900126 0.434707 -0.091260 0.020958 0.476860
168 3 -0.907760 0.212983 0.361400 -0.416088 -0.347639 -0.840249 -0.053322 -0.913119 0.404192 -0.089925 0.009912 0.463618
169 3 -0.866758 0.210535 0.452112 -0.497938 -0.314288 -0.808258 -0.028074 -0.925688 0.377245 -0.071988 0.001514 0.448717
170 3 -0.822814 0.224328 0.522163 -0.565890 -0.238695 -0.789172 -0.052396 -0.944829 0.323346 -0.073853 -0.026117 0.447479
171 3 -0.825254 0.206922 0.525490 -0.562724 -0.222296 -0.796195 -0.047936 -0.952768 0.299891 -0.074813 -0.053659 0.448420
172 3 -0.852972 0.149853 0.499982 -0.518869 -0.347465 -0.781053 0.056683 -0.925642 0.374132 -0.070564 0.000583 0.455375
173 3 -0.815444 -0.023177 0.578372 -0.432652 -0.639378 -0.635616 0.384530 -0.768543 0.511349 -0.029229 0.055524 0.533267
174 3 -0.811056 -0.026568 0.584364 -0.424916 -0.659813 -0.619752 0.402037 -0.750960 0.523856 -0.029051 0.067246 0.531941
175 3 -0.810554 -0.029709 0.584910 -0.423667 -0.659800 -0.620621 0.404361 -0.750854 0.522216 -0.041100 0.064618 0.528637
176 3 -0.805525 -0.043728 0.590946 -0.410547 -0.677946 -0.609787 0.427294 -0.733810 0.528151 -0.043545 0.078513 0.522452
177 3 -0.799321 -0.014738 0.600724 -0.437343 -0.671307 -0.598396 0.412089 -0.741033 0.530144 -0.060633 0.061516 0.518080
178 3 -0.797306 -0.016152 0.603359 -0.450026 -0.650247 -0.612092 0.402219 -0.759551 0.511177 -0.076153 0.031258 0.509966
179 3 -0.801512 -0.011105 0.597876 -0.447787 -0.651498 -0.612403 0.396316 -0.758569 0.517211 -0.092786 0.029097 0.509565
180 3 -0.786884 0.016211 0.616888 -0.491911 -0.620075 -0.611172 0.372609 -0.784375 0.495901 -0.091536 0.005310 0.490849
181 3 -0.755012 0.055776 0.653334 -0.537873 -0.622556 -0.568434 0.375032 -0.780585 0.500038 -0.096655 0.002765 0.485178
182 3 -0.761811 0.030185 0.647095 -0.518676 -0.626872 -0.581384 0.388097 -0.778538 0.493214 -0.123494 -0.000727 0.506570
183 3 -0.879885 -0.058313 0.471595 -0.313094 -0.675412 -0.667675 0.357455 -0.735131 0.576028 -0.133891 0.036645 0.471497
184 3 -0.941971 -0.075535 0.327085 -0.211253 -0.623846 -0.752455 0.260888 -0.777888 0.571688 -0.143569 0.026102 0.430933
185 3 -0.961898 -0.081697 0.260918 -0.140693 -0.670358 -0.728577 0.234431 -0.737526 0.633322 -0.144724 0.006224 0.417551
186 3 -0.968763 -0.072315 0.237209 -0.141150 -0.625682 -0.767202 0.203898 -0.776719 0.595931 -0.111905 -0.045655 0.416415
187 3 -0.970666 0.099263 0.218985 -0.230982 -0.637841 -0.734715 0.066748 -0.763745 0.642058 -0.099970 -0.033126 0.386281
188 3 -0.984177 0.141327 0.106871 -0.166232 -0.527698 -0.833007 -0.061331 -0.837593 0.542842 -0.051465 -0.031031 0.406214
189 3 -0.981778 0.169191 0.086527 -0.162358 -0.510188 -0.844599 -0.098753 -0.843257 0.528360 -0.031470 -0.054556 0.419215
190 3 -0.975471 0.201068 0.089598 -0.181528 -0.504542 -0.844088 -0.124513 -0.839648 0.528666 -0.022760 -0.047010 0.435205
191 3 -0.972701 0.221965 0.067713 -0.172264 -0.495115 -0.851578 -0.155495 -0.839995 0.519836 -0.011673 -0.068828 0.457984
192 3 -0.974789 0.220126 0.036483 -0.148097 -0.515988 -0.843696 -0.166894 -0.827829 0.535580 -0.000927 -0.045615 0.477972
193 3 -0.963337 0.268273 -0.003433 -0.153049 -0.560002 -0.814232 -0.220359 -0.783854 0.580530 -0.022144 -0.014111 0.488275
194 3 -0.937672 0.271215 -0.217289 -0.056490 -0.735886 -0.674744 -0.342901 -0.620414 0.705341 -0.104602 0.032333 0.494946
195 3 -0.935310 0.182086 -0.303381 0.022892 -0.824485 -0.565421 -0.353088 -0.535789 0.766980 -0.153980 0.080658 0.529875
196 3 -0.972034 0.173868 -0.157858 -0.051616 -0.813940 -0.578652 -0.229096 -0.554321 0.800152 -0.066918 0.054081 0.587926
197 3 -0.967554 0.210234 -0.140143 -0.104424 -0.837809 -0.535885 -0.230074 -0.503863 0.832579 -0.060746 0.074718 0.596266
198 3 -0.944192 0.302515 -0.130328 -0.163625 -0.774141 -0.611500 -0.285880 -0.556048 0.780438 -0.042166 0.024581 0.614220
199 3 -0.772419 0.369514 -0.516554 0.059396 -0.767733 -0.638010 -0.632330 -0.523493 0.571064 -0.039708 0.021697 0.606318
200 3 -0.743123 0.384109 -0.547931 0.092515 -0.752001 -0.652637 -0.662728 -0.535681 0.523294 -0.052029 0.035021 0.603489
201 3 -0.748206 0.420774 -0.512969 0.053254 -0.732583 -0.678592 -0.661326 -0.535044 0.525715 -0.021960 0.061062 0.603454
202 3 -0.692963 0.423991 -0.583124 0.137165 -0.716498 -0.683971 -0.707805 -0.553951 0.438350 -0.050424 0.040529 0.588526
203 3 -0.673361 0.401271 -0.620940 0.199444 -0.710155 -0.675206 -0.711904 -0.578500 0.398159 -0.031159 0.039573 0.583289
204 3 -0.660625 0.433360 -0.613004 0.162116 -0.714939 -0.680132 -0.733003 -0.548690 0.402052 -0.023521 0.081786 0.580214
205 3 -0.654656 0.428807 -0.622536 0.156607 -0.728737 -0.666646 -0.739527 -0.533917 0.409918 -0.032767 0.095190 0.570095
206 3 -0.703865 0.258845 -0.661494 0.300954 -0.734863 -0.607786 -0.643429 -0.626878 0.439344 0.054700 0.103319 0.570683
207 3 -0.744511 0.204036 -0.635668 0.423777 -0.591299 -0.686133 -0.515866 -0.780215 0.353763 0.139955 0.032973 0.586025
208 3 -0.745450 0.206229 -0.633856 0.447751 -0.549520 -0.705370 -0.493785 -0.809628 0.317300 0.122542 0.026274 0.563459
209 3 -0.710793 0.133210 -0.690672 0.570897 -0.464355 -0.677090 -0.410912 -0.875574 0.254011 0.110150 -0.010185 0.529953
210 3 -0.767112 0.111897 -0.631678 0.512431 -0.485510 -0.708303 -0.385944 -0.867040 0.315101 0.132622 0.048787 0.533691
211 3 -0.833583 0.137840 -0.534920 0.428059 -0.450883 -0.783243 -0.349148 -0.881876 0.316845 0.128016 0.056615 0.533784
212 3 -0.804270 0.165724 -0.570689 0.444314 -0.470032 -0.762663 -0.394634 -0.866952 0.304399 0.082409 0.081393 0.525046
213 3 -0.838147 0.168757 -0.518681 0.393675 -0.471027 -0.789401 -0.377530 -0.865826 0.328354 0.011499 0.105704 0.501550
214 3 -0.835700 0.178257 -0.519451 0.399420 -0.451884 -0.797662 -0.376921 -0.874086 0.306440 -0.028344 0.096939 0.490334
215 3 -0.848436 0.163177 -0.503517 0.387564 -0.456368 -0.800951 -0.360486 -0.874701 0.323957 -0.046210 0.096977 0.494400
216 3 -0.864901 0.123058 -0.486625 0.410127 -0.385678 -0.826468 -0.289383 -0.914390 0.283103 -0.043412 0.048138 0.502222
217 3 -0.910079 0.030566 -0.413306 0.370061 -0.389034 -0.843627 -0.186576 -0.920716 0.342741 0.003745 0.057120 0.490452
218 3 -0.916622 0.005040 -0.399722 0.373849 -0.343288 -0.861620 -0.141563 -0.939217 0.312781 -0.011468 0.023183 0.490093
219 3 -0.931399 -0.128700 -0.340490 0.363970 -0.317078 -0.875778 0.004750 -0.939626 0.342169 0.034100 0.019207 0.482681
220 3 -0.942792 -0.217789 -0.252410 0.315444 -0.337762 -0.886799 0.107881 -0.915688 0.387140 0.052049 0.025282 0.482484
221 3 -0.974965 -0.221813 -0.015540 0.102328 -0.385532 -0.917003 0.197412 -0.895636 0.398578 0.082058 0.018712 0.493352
222 3 -0.984456 -0.149740 0.091778 -0.017541 -0.436127 -0.899714 0.174750 -0.887339 0.426721 0.077192 0.047515 0.496230
223 3 -0.983419 -0.036779 0.177577 -0.140724 -0.462849 -0.875196 0.114380 -0.885674 0.449999 0.019576 0.036092 0.491043
224 3 -0.955839 0.067041 0.286144 -0.279409 -0.509169 -0.814050 0.091121 -0.858052 0.505415 0.009270 0.046808 0.482968
225 3 -0.950960 0.062844 0.302862 -0.293598 -0.491522 -0.819882 0.097338 -0.868594 0.485869 0.002565 0.012937 0.465631
226 3 -0.958181 -0.001524 0.286160 -0.245140 -0.511529 -0.823556 0.147634 -0.859265 0.489763 -0.009336 -0.004723 0.452933
227 3 -0.967607 0.061922 0.244749 -0.234925 -0.575845 -0.783079 0.092448 -0.815210 0.571739 -0.017676 0.032051 0.445683
228 3 -0.986375 -0.155947 0.052398 0.047130 -0.573009 -0.818193 0.157619 -0.804575 0.572552 0.002860 0.045918 0.438898
229 3 -0.969910 -0.229851 -0.080273 0.198513 -0.555727 -0.807317 0.140953 -0.798960 0.584633 0.007714 0.056488 0.437088
230 3 -0.978076 -0.201606 -0.052186 0.163602 -0.588812 -0.791540 0.128851 -0.782723 0.608886 -0.071803 0.018696 0.409363
231 3 -0.973374 -0.222793 -0.053905 0.181754 -0.606872 -0.773739 0.139670 -0.762935 0.631207 -0.078455 0.019154 0.399045
232 3 -0.894875 -0.371173 -0.247852 0.391879 -0.387647 -0.834363 0.213614 -0.843778 0.492350 0.055441 0.142818 0.659685
233 3 -0.882013 -0.369576 -0.292347 0.432280 -0.387615 -0.814180 0.187583 -0.844493 0.501642 0.029293 0.160704 0.663326
234 3 -0.915752 -0.376520 -0.140113 0.290811 -0.380640 -0.877806 0.277178 -0.844598 0.458067 0.153040 0.094013 0.633723
235 3 -0.931062 -0.340784 -0.130345 0.255413 -0.353644 -0.899833 0.260553 -0.871092 0.416306 0.140561 0.060581 0.638584
236 3 -0.944101 -0.291669 -0.153633 0.243716 -0.303723 -0.921062 0.221983 -0.907018 0.357830 0.095669 0.025237 0.642623
237 3 -0.961308 -0.204105 -0.185007 0.233576 -0.247872 -0.940214 0.146044 -0.947048 0.285955 0.021557 -0.034225 0.636714
238 3 -0.969034 -0.152673 -0.194074 0.232803 -0.302856 -0.924165 0.082318 -0.940728 0.329020 -0.012198 0.010356 0.641440
239 3 -0.955981 -0.144719 -0.255257 0.290939 -0.354436 -0.888667 0.038135 -0.923814 0.380939 -0.062197 0.085932 0.623982
240 3 -0.976914 -0.116465 -0.179097 0.209742 -0.363555 -0.907654 0.040598 -0.924264 0.379589 -0.060505 0.077159 0.625689
241 3 -0.997778 -0.063011 -0.021659 0.043991 -0.378847 -0.924413 0.050042 -0.923312 0.380777 -0.053907 0.059687 0.626821
242 3 -0.959680 0.044087 0.277616 -0.273065 -0.380598 -0.883505 0.066709 -0.923689 0.377291 -0.032151 0.030843 0.632237
243 3 -0.951767 0.064132 0.300045 -0.301183 -0.381910 -0.873747 0.058555 -0.921972 0.382805 -0.059210 0.016514 0.633308
244 3 -0.903978 0.131862 0.406738 -0.426518 -0.345041 -0.836079 0.030095 -0.929279 0.368151 -0.094153 -0.025484 0.636219
245 3 -0.850440 0.165079 0.499500 -0.525067 -0.325029 -0.786550 0.032509 -0.931185 0.363095 -0.078033 -0.039711 0.637016
246 3 -0.778625 0.249479 0.575764 -0.626768 -0.265203 -0.732687 -0.030095 -0.931358 0.362859 -0.122438 -0.112536 0.638328
247 3 -0.615790 0.299555 0.728745 -0.787111 -0.192230 -0.586092 -0.035480 -0.934513 0.354156 -0.068877 -0.144440 0.638160
248 3 -0.437009 0.326969 0.837923 -0.898630 -0.118773 -0.422324 -0.038564 -0.937542 0.345729 -0.013481 -0.162256 0.638162
249 3 -0.325725 0.277292 0.903887 -0.945453 -0.090790 -0.312852 -0.004688 -0.956486 0.291739 0.066595 -0.144921 0.633417
250 3 -0.248469 0.278194 0.927831 -0.968636 -0.068702 -0.238797 -0.002688 -0.958065 0.286539 0.086667 -0.141974 0.634052
251 3 -0.232271 0.294698 0.926932 -0.971502 -0.023979 -0.235816 -0.047268 -0.955289 0.291870 0.080191 -0.161039 0.633023
252 3 -0.286852 0.294263 0.911661 -0.957580 -0.060745 -0.281693 -0.027513 -0.953792 0.299205 0.074731 -0.178703 0.624205
253 3 -0.402438 0.277855 0.872262 -0.915104 -0.148200 -0.374996 0.025075 -0.949122 0.313908 0.085628 -0.140251 0.613091
254 3 -0.447919 0.203578 0.870589 -0.871605 -0.316355 -0.374466 0.199182 -0.926539 0.319141 0.121059 -0.053744 0.606012
255 3 -0.452574 0.215062 0.865404 -0.870584 -0.316640 -0.376594 0.193031 -0.923844 0.330533 0.123160 -0.078652 0.613429
256 3 -0.669619 0.122941 0.732459 -0.709900 -0.395811 -0.582560 0.218295 -0.910065 0.352319 0.071440 -0.091879 0.615868
257 3 -0.904015 0.038664 0.425749 -0.408852 -0.369135 -0.834613 0.124890 -0.928571 0.349511 -0.056000 -0.127440 0.623894
258 3 -0.937055 0.013818 0.348907 -0.325481 -0.396409 -0.858441 0.126448 -0.917970 0.375955 -0.095098 -0.140125 0.633203
259 3 -0.902118 0.022467 0.430905 -0.403763 -0.396166 -0.824638 0.152183 -0.917904 0.366460 -0.044314 -0.117072 0.623810
260 3 -0.854414 0.021571 0.519145 -0.492871 -0.349937 -0.796632 0.164484 -0.936525 0.309623 0.031650 -0.146975 0.596227
261 3 -0.888399 0.088465 0.450468 -0.436999 -0.463581 -0.770795 0.140640 -0.881627 0.450504 -0.060817 -0.043621 0.666953
262 3 -0.886711 0.092716 0.452932 -0.438718 -0.477794 -0.761078 0.145844 -0.873565 0.464341 -0.060374 -0.024972 0.673521
263 3 -0.891458 0.001949 0.453098 -0.382574 -0.539036 -0.750385 0.242774 -0.842280 0.481274 -0.019209 0.010576 0.669263
264 3 -0.888440 -0.091513 0.449778 -0.310676 -0.601432 -0.736043 0.337869 -0.793665 0.505905 0.028908 0.046269 0.659236
265 3 -0.876848 -0.166331 0.451078 -0.250748 -0.642306 -0.724271 0.410199 -0.748183 0.521498 0.065096 0.071103 0.646248
266 3 -0.866756 -0.199688 0.457011 -0.223705 -0.663327 -0.714110 0.445747 -0.721195 0.530271 0.084717 0.082865 0.638160
267 3 -0.846397 -0.258738 0.465476 -0.171471 -0.695098 -0.698167 0.504193 -0.670742 0.543962 0.118894 0.103375 0.620684
268 3 -0.847470 -0.255443 0.465343 -0.171732 -0.697543 -0.695659 0.502298 -0.669464 0.547279 0.125746 0.104748 0.616873
269 3 -0.866649 -0.218769 0.448396 -0.188314 -0.688824 -0.700042 0.462014 -0.691130 0.555772 0.081999 0.089708 0.625809
270 3 -0.902920 -0.142625 0.405454 -0.213657 -0.669588 -0.711338 0.372942 -0.728910 0.574112 -0.008665 0.052159 0.630889
271 3 -0.898182 -0.187503 0.397632 -0.177819 -0.672243 -0.718658 0.402056 -0.716193 0.570455 0.014149 0.068848 0.618044
272 3 -0.915293 -0.158731 0.370193 -0.176130 -0.668825 -0.722254 0.362239 -0.726276 0.584214 -0.027393 0.052541 0.616885
273 3 -0.876253 -0.299244 0.377668 -0.062244 -0.706923 -0.704546 0.477813 -0.640869 0.600817 0.045035 0.091236 0.582376
274 3 -0.878315 -0.286448 0.382767 -0.073255 -0.710539 -0.699834 0.472437 -0.642715 0.603093 0.046285 0.090703 0.584151
275 3 -0.903151 -0.248228 0.350286 -0.082586 -0.700217 -0.709138 0.421304 -0.669387 0.611902 0.001262 0.071852 0.583695
276 3 -0.891367 -0.278748 0.357441 -0.091843 -0.661141 -0.744619 0.443880 -0.696558 0.563718 0.017922 0.028685 0.581623
277 3 -0.890225 -0.282386 0.357432 -0.090229 -0.659805 -0.746000 0.446495 -0.696359 0.561896 0.017554 0.030300 0.581597
278 3 -0.892259 -0.276755 0.356764 -0.088046 -0.668321 -0.738644 0.442856 -0.690474 0.571948 0.011752 0.043103 0.586376
279 3 -0.901967 -0.250926 0.351414 -0.076781 -0.707657 -0.702372 0.424923 -0.660499 0.619017 -0.006835 0.087095 0.604096
280 3 -0.921186 -0.196454 0.335890 -0.073773 -0.759372 -0.646461 0.382066 -0.620291 0.685029 -0.037104 0.155321 0.634624
281 3 -0.921438 -0.196182 0.335358 -0.072927 -0.760482 -0.645251 0.381620 -0.619016 0.686430 -0.036519 0.154916 0.635435
282 3 -0.920962 -0.196598 0.336420 -0.073320 -0.760526 -0.645155 0.382692 -0.618829 0.686001 -0.036821 0.155219 0.635673
283 3 -0.925188 -0.217010 0.311343 -0.041240 -0.758036 -0.650908 0.377262 -0.615052 0.692376 -0.049984 0.158078 0.637504
284 3 -0.931057 -0.261861 0.254090 0.034974 -0.757219 -0.652224 0.363194 -0.598372 0.714172 -0.081079 0.164827 0.644259
285 3 -0.996799 -0.074791 0.028234 0.008435 -0.449604 -0.893188 0.079497 -0.890091 0.448796 -0.175023 -0.123946 0.699869
286 3 -0.987983 -0.101968 0.116155 -0.055596 -0.466754 -0.882638 0.144217 -0.878489 0.455476 -0.088440 -0.129975 0.675108
287 3 -0.976229 -0.048528 0.211238 -0.168292 -0.444440 -0.879858 0.136581 -0.894493 0.425708 -0.036503 -0.152255 0.654422
288 3 -0.966918 -0.022531 0.254091 -0.220004 -0.430481 -0.875377 0.129105 -0.902318 0.411283 -0.011798 -0.160349 0.647221
289 3 -0.963286 -0.014814 0.268068 -0.235921 -0.429870 -0.871524 0.128144 -0.902769 0.410593 -0.003347 -0.162486 0.644485
290 3 -0.958087 -0.002838 0.286462 -0.258133 -0.425110 -0.867553 0.124240 -0.905137 0.406560 0.007485 -0.165431 0.641048
291 3 -0.963540 -0.014901 0.267149 -0.235256 -0.428441 -0.872407 0.127457 -0.903447 0.409314 -0.005018 -0.162108 0.646216
292 3 -0.980815 -0.062802 0.184550 -0.137054 -0.451088 -0.881894 0.138633 -0.890267 0.433826 -0.050892 -0.145362 0.661925
293 3 -0.985842 0.037134 0.163514 -0.164657 -0.398674 -0.902190 0.031687 -0.916341 0.399143 -0.113644 -0.180572 0.670847
294 3 -0.993230 0.041143 0.108631 -0.116031 -0.395561 -0.911081 0.005485 -0.917518 0.397657 -0.150825 -0.197162 0.678051
295 3 -0.985349 0.048546 0.163494 -0.169444 -0.387591 -0.906125 0.019381 -0.920552 0.390138 -0.117657 -0.184795 0.670561
296 3 -0.945871 0.061627 0.318638 -0.317670 -0.376790 -0.870124 0.066437 -0.924246 0.375972 -0.024014 -0.147960 0.648049
297 3 -0.917191 0.091956 0.387691 -0.395091 -0.335907 -0.855026 0.051603 -0.937396 0.344422 0.012686 -0.160855 0.634044
298 3 -0.914645 0.130093 0.382754 -0.402671 -0.377015 -0.834096 0.035794 -0.917025 0.397219 -0.007884 -0.126150 0.662629
299 3 -0.897338 0.243341 0.368198 -0.441122 -0.468059 -0.765723 -0.013993 -0.849533 0.527350 -0.069584 -0.034673 0.723798
300 3 -0.902343 0.212661 0.374903 -0.431013 -0.449444 -0.782450 0.002101 -0.867626 0.497213 -0.052577 -0.058029 0.711278
301 3 -0.900541 0.236974 0.364512 -0.434769 -0.488484 -0.756544 -0.001223 -0.839778 0.542929 -0.073602 -0.012512 0.714988
302 3 -0.909834 0.254810 0.327528 -0.408892 -0.415854 -0.812326 -0.070784 -0.873005 0.482548 -0.126435 -0.105765 0.698778
303 3 -0.908591 0.285479 0.304900 -0.401977 -0.399327 -0.823986 -0.113475 -0.871229 0.477581 -0.141801 -0.112422 0.686847
304 3 -0.914835 0.285321 0.285777 -0.384574 -0.399644 -0.832099 -0.123207 -0.871135 0.475335 -0.151781 -0.118369 0.686052
305 3 -0.818929 0.275064 0.503682 -0.573890 -0.396176 -0.716725 0.002402 -0.876005 0.482297 -0.024406 -0.001589 0.673560
306 3 -0.738962 0.258440 0.622209 -0.667204 -0.409093 -0.622480 0.093668 -0.875130 0.474736 0.041326 0.076855 0.656139
307 3 -0.759503 0.200674 0.618777 -0.631799 -0.454027 -0.628243 0.154869 -0.868095 0.471621 0.073752 0.091153 0.637103
308 3 -0.186531 -0.152781 -0.970497 0.958337 0.189216 -0.213982 0.216326 -0.969977 0.111120 -0.061826 0.032177 0.359670
309 3 -0.183855 -0.129340 -0.974407 0.969528 0.139416 -0.201440 0.161902 -0.981751 0.099766 -0.054904 0.051138 0.387009
310 3 -0.182061 -0.191261 -0.964507 0.945733 0.234437 -0.225006 0.269151 -0.953131 0.138201 -0.060128 0.025992 0.359693
311 3 -0.532316 -0.129624 -0.836563 0.827147 0.130700 -0.546576 0.180188 -0.982912 0.037645 -0.027446 -0.037814 0.357302
312 3 -0.575123 -0.209970 -0.790661 0.786915 0.122178 -0.604844 0.223600 -0.970044 0.094962 0.027460 -0.047456 0.382628
313 3 -0.583821 -0.297412 -0.755447 0.771345 0.087157 -0.630420 0.253337 -0.950763 0.178523 0.073397 -0.047582 0.412605
314 3 -0.482509 -0.155825 -0.861918 0.871464 0.013399 -0.490276 0.087946 -0.987694 0.129331 0.013450 -0.040086 0.381498
315 3 -0.371448 -0.194725 -0.907805 0.901296 0.159132 -0.402918 0.222918 -0.967863 0.116395 -0.015561 0.002879 0.384102
316 3 -0.313150 -0.217019 -0.924575 0.945693 0.018119 -0.324556 0.087187 -0.975999 0.199560 0.010524 0.072808 0.482933
317 3 -0.307145 -0.218642 -0.926206 0.948035 0.014602 -0.317831 0.083016 -0.975696 0.202795 0.009516 0.079108 0.487842
318 3 -0.309262 -0.213759 -0.926641 0.947084 0.018846 -0.320432 0.085959 -0.976705 0.196620 0.007675 0.072573 0.483455
319 3 -0.331896 -0.229688 -0.914926 0.896527 0.224867 -0.381673 0.293402 -0.946931 0.131289 -0.018637 0.004442 0.383569
320 3 -0.405598 -0.189038 -0.894290 0.888946 0.146153 -0.434068 0.212759 -0.971032 0.108765 0.044331 -0.048153 0.355217
321 3 -0.435205 -0.155479 -0.886805 0.873984 0.163586 -0.457593 0.216215 -0.974200 0.064692 0.066215 -0.066525 0.342546
322 3 -0.514636 -0.269804 -0.813853 0.784076 0.236003 -0.574045 0.346951 -0.933546 0.090091 0.117114 -0.074755 0.359251
323 3 -0.867828 -0.285619 -0.406566 0.367633 0.181338 -0.912120 0.334245 -0.941030 -0.052367 0.108476 -0.079142 0.364698
324 3 -0.879225 -0.181052 -0.440663 0.414683 0.164497 -0.894974 0.234524 -0.969619 -0.069551 0.037150 -0.043837 0.344505
325 3 -0.744612 -0.151473 -0.650084 0.638952 0.120019 -0.759826 0.193116 -0.981148 0.007416 0.037731 0.007001 0.375476
326 3 -0.732593 -0.077212 -0.676273 0.678378 -0.001415 -0.734711 0.055771 -0.997014 0.053416 0.000944 0.067010 0.378336
327 3 -0.808645 -0.080346 -0.582785 0.576622 0.088132 -0.812244 0.116622 -0.992863 -0.024938 -0.030995 0.075934 0.366634
328 3 -0.830887 -0.017557 -0.556165 0.556309 -0.004413 -0.830963 0.012135 -0.999836 0.013434 0.016736 0.082008 0.407472
329 3 -0.942899 -0.099780 -0.317783 0.320963 -0.017198 -0.946935 0.089020 -0.994861 0.048241 0.089211 0.012482 0.378418
330 3 -0.861522 -0.006618 -0.507677 0.506556 -0.078875 -0.858592 -0.034361 -0.996863 0.071305 0.081485 -0.019120 0.330422
