0:
- cam_R_m2c: [-0.9972164874326085, -0.018143791855653735, -0.07231929209878282, 0.0704856641046338,
    -0.5456657034755205, -0.8350333593373944, -0.02431148593358898, -0.8378065068186473,
    0.5454257133506237]
  cam_t_m2c: [125.85377657791147, -114.50798411782495, 693.183672434557]
  obj_bb: [372, 103, 106, 104]
  obj_id: 1
1:
- cam_R_m2c: [-0.9681232187460578, -0.24846611677634647, -0.031654733277282215, 0.17204007256220813,
    -0.5677790097929283, -0.8050026145742336, 0.18204298052263118, -0.7847876049305601,
    0.592426171256632]
  cam_t_m2c: [195.50373270353018, -65.16973823569593, 679.2348129445068]
  obj_bb: [440, 144, 109, 107]
  obj_id: 1
2:
- cam_R_m2c: [-0.9627575946406175, -0.23483454634034598, -0.13397966191529265, 0.23405128793502508,
    -0.4758433960735588, -0.8478166411607749, 0.13534329897622638, -0.8476000225686088,
    0.5130851714519975]
  cam_t_m2c: [108.57183945295365, -83.79709971362199, 655.3995760777116]
  obj_bb: [365, 120, 110, 113]
  obj_id: 1
3:
- cam_R_m2c: [-0.9487652008156044, -0.2733847499568718, -0.15844674882226106, 0.269968270098347,
    -0.44075310740272294, -0.8560688240176428, 0.1642002644986662, -0.8549839044133303,
    0.49197641847217194]
  cam_t_m2c: [56.05161606580625, -64.54151048509415, 642.8600520908441]
  obj_bb: [316, 135, 114, 115]
  obj_id: 1
4:
- cam_R_m2c: [-0.8774745840430941, -0.4401615601059544, -0.19051549901121367, 0.3463985158835613,
    -0.3068598108210976, -0.8864790604952306, 0.33173245628377335, -0.8438571309812657,
    0.42173299602948056]
  cam_t_m2c: [56.46840591734845, -59.578689453217315, 609.7326850877396]
  obj_bb: [319, 131, 122, 121]
  obj_id: 1
5:
- cam_R_m2c: [-0.7994381518955495, -0.49087645638241495, -0.3463220262461967, 0.4912363680588211,
    -0.2023048169087748, -0.8472069356136585, 0.3458113242654247, -0.8474155212320282,
    0.4028665565480003]
  cam_t_m2c: [-6.758232615075771, -30.933414469641317, 630.480190893725]
  obj_bb: [260, 161, 117, 116]
  obj_id: 1
6:
- cam_R_m2c: [-0.7625243039996, -0.5106737125248457, -0.3972015170489873, 0.4940915568357513,
    -0.06333481521591534, -0.8670998988843152, 0.41764843980739275, -0.8574386628311422,
    0.3006139055479531]
  cam_t_m2c: [-10.497244741089206, -48.051389058132884, 598.9216848477472]
  obj_bb: [254, 138, 123, 120]
  obj_id: 1
7:
- cam_R_m2c: [-0.7403329223175186, -0.5954296356948313, -0.312042806469118, 0.41960423848190126,
    -0.04665148185303793, -0.9065075412201156, 0.5252041956999456, -0.8020518612765861,
    0.2843824267459878]
  cam_t_m2c: [18.2334228376097, -90.59654846737791, 515.2402037470982]
  obj_bb: [280, 68, 142, 142]
  obj_id: 1
8:
- cam_R_m2c: [-0.936213583497448, -0.3434255863033607, -0.07458547276152057, 0.2105891876287495,
    -0.3783205472022492, -0.9014021065087732, 0.28134733005438295, -0.8596117904244818,
    0.4265105504374849]
  cam_t_m2c: [32.61896708669021, -40.81080084914393, 526.899905286985]
  obj_bb: [290, 136, 141, 142]
  obj_id: 1
9:
- cam_R_m2c: [-0.9774769026858514, -0.19989400152576636, -0.0676852485382968, 0.12123587059040271,
    -0.26934241310043494, -0.955382922281648, 0.17274480715165136, -0.9420706197834913,
    0.2875103110201218]
  cam_t_m2c: [4.0234253441168155, -28.86459353045123, 564.4096995355095]
  obj_bb: [259, 154, 129, 132]
  obj_id: 1
10:
- cam_R_m2c: [-0.991642985089221, -0.12431869009223057, 0.0344826538580096, -0.011111200776051378,
    -0.18399049122919212, -0.9828652198315674, 0.12853299708889404, -0.9750345442244562,
    0.18107155002471773]
  cam_t_m2c: [41.15078854215279, 3.8182490642751366, 592.0582464124681]
  obj_bb: [300, 191, 120, 123]
  obj_id: 1
11:
- cam_R_m2c: [-0.9770128304008128, 0.047366015794598676, 0.2078518457458056, -0.20807318450486664,
    0.0002632310689457927, -0.9781132248361679, -0.04638403952003381, -0.9988775656991953,
    0.009598417611969803]
  cam_t_m2c: [119.04625299336182, -29.687747224249662, 622.0691492229522]
  obj_bb: [370, 159, 120, 114]
  obj_id: 1
12:
- cam_R_m2c: [-0.9702280389143296, 0.18073145726053375, 0.16122559617175572, -0.15316330654424104,
    0.057804740307532965, -0.9865088005316597, -0.18761277683806357, -0.9818323443207922,
    -0.028402352237947345]
  cam_t_m2c: [131.10719271925868, -39.85477982879993, 636.9745187435738]
  obj_bb: [376, 150, 119, 112]
  obj_id: 1
13:
- cam_R_m2c: [-0.9483559878862361, 0.248037443085676, 0.19773301967006382, -0.16760702507416603,
    0.13740671238834873, -0.9762311614245952, -0.26931172530380043, -0.9589561106839802,
    -0.08873766052665938]
  cam_t_m2c: [174.13123317738027, -20.727001224449037, 680.3429173776506]
  obj_bb: [409, 172, 112, 104]
  obj_id: 1
14:
- cam_R_m2c: [-0.8828184071679868, 0.3946363178356094, 0.25474268705996383, -0.1986842995820174,
    0.17769283748535847, -0.9638204213472575, -0.425624493027577, -0.9014917815219138,
    -0.07846246735518969]
  cam_t_m2c: [103.60175758478965, -24.003289711380326, 663.9178135567555]
  obj_bb: [346, 166, 112, 108]
  obj_id: 1
15:
- cam_R_m2c: [-0.8186308162347562, 0.44376125414614576, 0.3645813160729121, -0.2724990422794369,
    0.2586804661707897, -0.9267301054667711, -0.5055569786558252, -0.8579978821304297,
    -0.09083928440983428]
  cam_t_m2c: [93.87825418999043, -33.53715872062274, 599.5855987614058]
  obj_bb: [340, 145, 122, 122]
  obj_id: 1
16:
- cam_R_m2c: [-0.8173105626663433, 0.48979230244666855, 0.3034912595413862, -0.3475979668815525,
    0.0009616710834657316, -0.9376431776579718, -0.45954226962689415, -0.8718386178948022,
    0.1694648245903691]
  cam_t_m2c: [95.47341586314455, -34.04450489615712, 606.6663078950554]
  obj_bb: [341, 153, 119, 117]
  obj_id: 1
17:
- cam_R_m2c: [-0.7893479317030317, 0.5161506857019833, 0.3324429460306213, -0.4297430756894215,
    -0.07779353339783712, -0.8995938278236886, -0.43846405965956015, -0.8529575814838932,
    0.2832183478802276]
  cam_t_m2c: [109.87211048670943, -60.27921106339473, 652.0041954868271]
  obj_bb: [353, 135, 110, 111]
  obj_id: 1
18:
- cam_R_m2c: [-0.8215836603816173, 0.5070232468617956, 0.2606294613731646, -0.3981679289971217,
    -0.18315449918674048, -0.8988418825053699, -0.40799827121212934, -0.8422480968036536,
    0.3523571400135617]
  cam_t_m2c: [72.09832702429841, -94.98607513313007, 690.7399892323627]
  obj_bb: [317, 111, 105, 107]
  obj_id: 1
19:
- cam_R_m2c: [-0.9415831396248898, 0.3335043301819918, 0.04686206273731497, -0.16937950503726146,
    -0.3486822150709203, -0.9218087090967241, -0.29108722824519007, -0.8758970114363317,
    0.3848020931718474]
  cam_t_m2c: [65.28138342625464, -63.20617166081558, 749.6962269397118]
  obj_bb: [312, 150, 101, 100]
  obj_id: 1
20:
- cam_R_m2c: [-0.9667794815104844, 0.09051733628353545, -0.23904820844853136, 0.06208212605758712,
    -0.8240471387274548, -0.563109334658257, -0.2479581491995958, -0.5592431716053656,
    0.7910523568375755]
  cam_t_m2c: [80.91165983666409, 217.76559316391086, 727.2769428660262]
  obj_bb: [331, 389, 101, 91]
  obj_id: 1
21:
- cam_R_m2c: [-0.9212713494486187, -0.1460062618542835, -0.36047367751953807, 0.32870853516086884,
    -0.7876986202695395, -0.5210389453177757, -0.20786966973928012, -0.5985090267696909,
    0.7736776753129693]
  cam_t_m2c: [86.26718285168677, 99.8489852421396, 711.7852232553596]
  obj_bb: [341, 293, 102, 102]
  obj_id: 1
22:
- cam_R_m2c: [-0.9173057906079546, -0.15433342597964994, -0.3670575978542058, 0.3420400815598098,
    -0.7773637643734225, -0.527933859915938, -0.20385943471832393, -0.6098251974660989,
    0.7658685000780221]
  cam_t_m2c: [49.0053889634078, 8.856610340756202, 718.0870349593961]
  obj_bb: [310, 217, 100, 96]
  obj_id: 1
23:
- cam_R_m2c: [-0.6342083734019691, 0.12334116096280912, -0.7632605696085546, 0.6156552546080754,
    -0.5166151667204245, -0.5950440126477151, -0.4677054057633872, -0.8472872756785473,
    0.25170603070433367]
  cam_t_m2c: [104.11606697208008, 16.60161940795485, 545.2659545141175]
  obj_bb: [359, 207, 138, 137]
  obj_id: 1
24:
- cam_R_m2c: [-0.5874036138062569, 0.04561010010750993, -0.8080078670752735, 0.704956538180358,
    -0.46153117114857534, -0.5385399310496762, -0.3974836773555806, -0.8859507304734319,
    0.23895193953905738]
  cam_t_m2c: [80.13460744121518, -32.595101889235096, 558.7682993426653]
  obj_bb: [335, 154, 131, 133]
  obj_id: 1
25:
- cam_R_m2c: [-0.6834379343821844, 0.05997709488134917, -0.7275406091325808, 0.6097891258184367,
    -0.5010050557574313, -0.6141263356501494, -0.4013350369466885, -0.8633635863268074,
    0.30583248016506265]
  cam_t_m2c: [4.066435376845173, -85.084624152942, 663.2198261102197]
  obj_bb: [264, 122, 107, 110]
  obj_id: 1
26:
- cam_R_m2c: [-0.7783162606400162, -0.05627415111153361, -0.6253455191652203, 0.569545836075126,
    -0.48248951586696837, -0.6654482757419579, -0.2642751199655926, -0.874092150173616,
    0.40758014423182687]
  cam_t_m2c: [63.277811593032084, -65.17329869092866, 638.935203858575]
  obj_bb: [320, 135, 112, 116]
  obj_id: 1
27:
- cam_R_m2c: [-0.8207961751004926, -0.16172236128002768, -0.5478499035341831, 0.5480463997018669,
    -0.49336654181445416, -0.6754514040194664, -0.16105521635210415, -0.8546550960943595,
    0.49358472829466493]
  cam_t_m2c: [92.0984249258609, -27.121066171192968, 653.7861628795785]
  obj_bb: [349, 173, 110, 113]
  obj_id: 1
28:
- cam_R_m2c: [-0.9259732796200559, -0.15683011201828323, -0.3434789679063494, 0.3509327644272825,
    -0.6931721778734468, -0.6295701125955778, -0.13935451295564022, -0.7035031256409,
    0.6968957396428686]
  cam_t_m2c: [93.76374172487462, 143.42529130441395, 620.6347996022495]
  obj_bb: [352, 338, 116, 122]
  obj_id: 1
29:
- cam_R_m2c: [-0.8857811412499245, -0.2555935916473958, -0.38738054379997644, 0.45586565023808434,
    -0.6357287198049874, -0.622924958360251, -0.08705330975321782, -0.7283686640183638,
    0.6796328498072427]
  cam_t_m2c: [62.838700161738984, 134.9586589926976, 648.6143650368597]
  obj_bb: [322, 325, 114, 118]
  obj_id: 1
30:
- cam_R_m2c: [-0.930755965201288, -0.07797280524596478, -0.3572304226746283, 0.3315213547922676,
    -0.5920669251017578, -0.7345409093558024, -0.15423010263537457, -0.8021078467653988,
    0.5769194723689413]
  cam_t_m2c: [-49.29620689484804, 33.42329382125403, 564.381590702491]
  obj_bb: [200, 229, 128, 129]
  obj_id: 1
31:
- cam_R_m2c: [-0.922718439203711, -0.27254473775766463, -0.27259869382312507, 0.3835995011571043,
    -0.579554786545165, -0.7190046398352443, 0.03797505319928875, -0.7680075620156317,
    0.6393139135208283]
  cam_t_m2c: [-2.866993289160402, 53.70304472780758, 554.9936280976888]
  obj_bb: [251, 249, 133, 134]
  obj_id: 1
32:
- cam_R_m2c: [-0.8942332490446026, -0.29456447734469793, -0.33701433944237336, 0.4461856986039845,
    -0.5267958531764068, -0.7234669663760858, 0.03556991234749762, -0.7973191944025848,
    0.6025088244771231]
  cam_t_m2c: [-48.31026584212045, 104.21246330588988, 536.1031132107613]
  obj_bb: [198, 304, 138, 141]
  obj_id: 1
33:
- cam_R_m2c: [-0.9932117107860072, -0.04984098180401722, -0.10510173209964119, 0.11400491681787003,
    -0.5964942421211219, -0.7944793880634659, -0.023094945310254716, -0.8010683464281686,
    0.5981271836758102]
  cam_t_m2c: [-119.76955220408031, 84.40495074554337, 519.2902036553445]
  obj_bb: [104, 285, 145, 146]
  obj_id: 1
34:
- cam_R_m2c: [-0.9928926107836582, 0.1116188428272824, 0.04129766793791011, -0.09359824913618003,
    -0.5180155293907107, -0.8502348376000032, -0.07350939538489643, -0.8480572770962823,
    0.5247811196624617]
  cam_t_m2c: [-125.28529348032596, 31.603966410532426, 502.3918771964785]
  obj_bb: [89, 222, 146, 148]
  obj_id: 1
35:
- cam_R_m2c: [-0.9695079388308345, 0.17787676759970114, 0.16856515681560397, -0.23025082841082747,
    -0.42569957492084054, -0.8750796694749247, -0.08389822739554705, -0.8872089536633959,
    0.4536753905375379]
  cam_t_m2c: [-123.49591423203096, 12.347470029886177, 486.5332778280024]
  obj_bb: [83, 195, 150, 152]
  obj_id: 1
36:
- cam_R_m2c: [-0.9227203519814735, 0.20920590000304165, 0.3237592368459975, -0.3806269817770156,
    -0.3617735753645362, -0.8510246652778517, -0.06091184435317007, -0.9084892798332171,
    0.41344525108606284]
  cam_t_m2c: [-97.67240076451102, 7.762749114711171, 467.4311909967783]
  obj_bb: [107, 185, 154, 157]
  obj_id: 1
37:
- cam_R_m2c: [-0.8233883017573289, 0.21671398411838036, 0.5244680672993541, -0.5655571921209581,
    -0.23739399694811247, -0.7898032366692712, -0.04665583532034456, -0.9469314332624815,
    0.318031592345828]
  cam_t_m2c: [-70.78555476234524, -25.74738377664304, 448.8663278424772]
  obj_bb: [135, 135, 159, 163]
  obj_id: 1
38:
- cam_R_m2c: [-0.8381884838335152, -0.0006071512876102692, 0.5453803232022464, -0.4357057037582931,
    -0.6007153627137369, -0.6702996290556885, 0.32802531195223844, -0.7994627473291155,
    0.5032481598094714]
  cam_t_m2c: [-46.49247985358379, 26.675126288854212, 535.2267641751171]
  obj_bb: [197, 221, 132, 137]
  obj_id: 1
39:
- cam_R_m2c: [-0.8162734976736035, -0.03433943765848482, 0.5766440670092784, -0.41665032517410894,
    -0.6564353695229177, -0.6288840212404989, 0.400125084852239, -0.7536002976781591,
    0.5215232572104325]
  cam_t_m2c: [-33.37938625649104, 65.35068850914266, 531.0897707069622]
  obj_bb: [211, 265, 134, 141]
  obj_id: 1
40:
- cam_R_m2c: [-0.8052709085796973, -0.03110104732801003, 0.5920907773731402, -0.4195359755565229,
    -0.6757598134413344, -0.6060843503602195, 0.4189610113233274, -0.7364654773937699,
    0.5311217107199638]
  cam_t_m2c: [-55.17121557699587, 72.33491098379321, 524.1377899782483]
  obj_bb: [184, 274, 137, 142]
  obj_id: 1
41:
- cam_R_m2c: [-0.8020020881672926, -0.0089550686490531, 0.5972540977848488, -0.4500506607799429,
    -0.6483740655817011, -0.6140565721597591, 0.392742986324186, -0.761269254486576,
    0.5159671199472051]
  cam_t_m2c: [-94.68111018925858, 24.838821666050872, 508.32966723190333]
  obj_bb: [130, 219, 145, 144]
  obj_id: 1
42:
- cam_R_m2c: [-0.7375750648290097, 0.03532889076262408, 0.6743403393094354, -0.5328953655954223,
    -0.6437935395369595, -0.5491378768373152, 0.4147355218321709, -0.7643832467603904,
    0.4936726638194998]
  cam_t_m2c: [-90.4078819346271, 7.638995893229507, 494.33521874496944]
  obj_bb: [130, 198, 147, 147]
  obj_id: 1
43:
- cam_R_m2c: [-0.7601997269160086, 0.03852392122902257, 0.6485462841540042, -0.5216160047844433,
    -0.6312962534774345, -0.5739179243568462, 0.3873152704832872, -0.7745843710264848,
    0.5000059333767584]
  cam_t_m2c: [-129.10979858653423, -7.118695350533839, 503.23527644070344]
  obj_bb: [85, 181, 148, 143]
  obj_id: 1
44:
- cam_R_m2c: [-0.8968854116720557, -0.04465857542930729, 0.4400024658686273, -0.2972750723956694,
    -0.675739178919684, -0.6745399123885117, 0.32745089656618315, -0.7357867719071719,
    0.5927847304244829]
  cam_t_m2c: [-143.86139207118043, 24.502353933408592, 464.9996619393347]
  obj_bb: [46, 218, 166, 155]
  obj_id: 1
45:
- cam_R_m2c: [-0.9584566397587096, -0.09484192418871304, 0.2690090688408587, -0.14835026890126932,
    -0.6397667210333026, -0.7541158666778056, 0.24362484975750015, -0.7626949272641579,
    0.5991188367145174]
  cam_t_m2c: [-121.79740404724568, -18.588667807881542, 416.29327161566255]
  obj_bb: [48, 152, 183, 172]
  obj_id: 1
46:
- cam_R_m2c: [-0.9647561517782888, -0.07551551389726807, 0.25207731902489616, -0.14763803265853268,
    -0.6376321950682291, -0.7560609731530853, 0.21782694718208256, -0.7666306744275916,
    0.6040106208569771]
  cam_t_m2c: [-86.67338249167227, -47.538373438081095, 414.86152477725136]
  obj_bb: [101, 110, 179, 171]
  obj_id: 1
47:
- cam_R_m2c: [-0.9826776264390311, 0.15496106234428458, 0.10164522444897818, -0.1699076410281974,
    -0.5343239897092202, -0.8280273350206834, -0.07400051362244468, -0.8309542365126689,
    0.5513972985110306]
  cam_t_m2c: [-53.05880868375951, -30.060235975167856, 406.5237878518766]
  obj_bb: [144, 129, 175, 178]
  obj_id: 1
48:
- cam_R_m2c: [-0.9830194322781108, 0.16098613152286045, 0.08806963847391022, -0.1623687259391886,
    -0.5394813883795869, -0.8261938201347904, -0.0854938161536005, -0.8264643350135189,
    0.556459801198754]
  cam_t_m2c: [-27.817632633800105, -40.548255314456036, 427.19310359484854]
  obj_bb: [189, 120, 166, 169]
  obj_id: 1
49:
- cam_R_m2c: [-0.9752899097461372, 0.2166401369981501, 0.043320237635484, -0.1515103941306133,
    -0.5131491986328844, -0.8448209871995458, -0.16079238917858724, -0.8305088506354714,
    0.5332924681620681]
  cam_t_m2c: [-0.8193918764181629, -49.370119289469166, 474.6520683886208]
  obj_bb: [232, 119, 154, 154]
  obj_id: 1
50:
- cam_R_m2c: [-0.9411492934124558, 0.26426370999597015, -0.21071947961306695, -0.05219484157886231,
    -0.7296032900529011, -0.6818758960812005, -0.3339366796591735, -0.6307485479358225,
    0.7004588233829727]
  cam_t_m2c: [-93.8247051900722, 39.16521947749602, 498.69834001307964]
  obj_bb: [120, 239, 148, 145]
  obj_id: 1
51:
- cam_R_m2c: [-0.9360382331473889, 0.17710706376618182, -0.3040814266778491, 0.039474431346385785,
    -0.8058174757974164, -0.5908468202244638, -0.3496772731479614, -0.5650586550647657,
    0.7472847656551043]
  cam_t_m2c: [-147.07380372757456, 64.61272791015656, 521.7547778697882]
  obj_bb: [68, 271, 142, 137]
  obj_id: 1
52:
- cam_R_m2c: [-0.967442754098216, 0.20785495269805013, -0.14439818621350695, -0.10032647412642579,
    -0.838756629363498, -0.5351840013379918, -0.23235558123750524, -0.5032729233106779,
    0.8323023780634693]
  cam_t_m2c: [-63.29208085812227, 76.18109973655227, 594.2578900167149]
  obj_bb: [183, 281, 124, 119]
  obj_id: 1
53:
- cam_R_m2c: [-0.7724189156082786, 0.36951418001538167, -0.5165542465008792, 0.05939603095173174,
    -0.7677334949847312, -0.6380104953570205, -0.6323299220483813, -0.5234926469837851,
    0.5710641979989624]
  cam_t_m2c: [-39.707554301629905, 21.69668258901175, 606.3177432247134]
  obj_bb: [206, 224, 124, 116]
  obj_id: 1
54:
- cam_R_m2c: [-0.7283004468821714, 0.43462478789372916, -0.5297921788961788, 0.07049454681622488,
    -0.7215067077706434, -0.6888095451655291, -0.6816223132647616, -0.5390077591188264,
    0.4948349802401774]
  cam_t_m2c: [-40.094420099693174, 54.99472754320337, 598.9516122319592]
  obj_bb: [203, 256, 125, 120]
  obj_id: 1
55:
- cam_R_m2c: [-0.6662256002785413, 0.41706698668465647, -0.6182221106942699, 0.18537619015319007,
    -0.71035545031767, -0.6789924906273035, -0.7223427978860079, -0.5669658392017645,
    0.3959426972687502]
  cam_t_m2c: [-20.920391980467095, 62.7486344223825, 583.0272658427698]
  obj_bb: [219, 263, 130, 125]
  obj_id: 1
56:
- cam_R_m2c: [-0.7001007327608323, 0.2555065914222879, -0.6667648354011398, 0.3095349403801934,
    -0.7328890520174981, -0.6058562190129952, -0.6434649055477503, -0.6305473964522068,
    0.43400794480719795]
  cam_t_m2c: [55.24492239408707, 103.6765042629191, 571.1082981159775]
  obj_bb: [303, 307, 131, 130]
  obj_id: 1
57:
- cam_R_m2c: [-0.7421552673477474, 0.2058337034252426, -0.6378385733727956, 0.43377949728365833,
    -0.5779561562863238, -0.6912322541281443, -0.5109216249918676, -0.7896829540676359,
    0.3396467652881177]
  cam_t_m2c: [135.91433718123454, 29.276003702429414, 578.7248158313608]
  obj_bb: [387, 224, 132, 128]
  obj_id: 1
58:
- cam_R_m2c: [-0.7458150632479602, 0.11758720923167298, -0.6556928699151368, 0.5369992183618101,
    -0.47633556055394377, -0.6962300433266045, -0.39419757852027293, -0.8713654124286018,
    0.292113996775037]
  cam_t_m2c: [125.73860863384326, 26.25399327028338, 530.8663488382165]
  obj_bb: [384, 216, 143, 140]
  obj_id: 1
59:
- cam_R_m2c: [-0.7945946535885038, 0.184596133895558, -0.5783974445304707, 0.443205635083644,
    -0.4747450917534345, -0.7603853384213343, -0.41495554161701415, -0.8605471313105614,
    0.2954158649674965]
  cam_t_m2c: [77.46860739196275, 84.23236118831007, 524.8287282804937]
  obj_bb: [329, 281, 142, 144]
  obj_id: 1
60:
- cam_R_m2c: [-0.8342273201976996, 0.16336128289232035, -0.5266667537328897, 0.4034296257227239,
    -0.47029591120810305, -0.7848989062230647, -0.37591131311120174, -0.8672570825036343,
    0.3264289164922382]
  cam_t_m2c: [-4.722251627944339, 107.86558176329403, 498.8955613700821]
  obj_bb: [234, 311, 144, 151]
  obj_id: 1
61:
- cam_R_m2c: [-0.8622017810287198, 0.12778827036629556, -0.4901818506918574, 0.40759975555818184,
    -0.39955644613088614, -0.8211072315015664, -0.30078319111914176, -0.90775811993727,
    0.2924118117110508]
  cam_t_m2c: [-41.71646675260812, 55.72478859361502, 503.26067932699215]
  obj_bb: [192, 247, 140, 147]
  obj_id: 1
62:
- cam_R_m2c: [-0.9196528349067914, -0.013790457219033936, -0.3924901101143722, 0.3716233984567423,
    -0.3537904103996865, -0.8583288386327719, -0.1270224900061535, -0.9352230583122465,
    0.3304892104649185]
  cam_t_m2c: [-3.07377245373025, 29.204179369451076, 488.52740476841257]
  obj_bb: [240, 214, 144, 150]
  obj_id: 1
63:
- cam_R_m2c: [-0.9743104732900691, -0.19560642678743057, -0.11161195024160683, 0.1820269126592397,
    -0.3921624380343611, -0.9017066181761623, 0.13260959507149875, -0.8988585806423607,
    0.41769360457226745]
  cam_t_m2c: [72.40715752346894, 35.29691761357429, 490.0468059435914]
  obj_bb: [336, 222, 146, 152]
  obj_id: 1
64:
- cam_R_m2c: [-0.9806430136546126, -0.04156734872542243, 0.19134114897308055, -0.15123925999935336,
    -0.4598596607193747, -0.8750175876391915, 0.12436223705469227, -0.8870181779214004,
    0.4446715484846673]
  cam_t_m2c: [39.569875798899034, 44.645831328803595, 491.13900167762415]
  obj_bb: [293, 235, 144, 152]
  obj_id: 1
65:
- cam_R_m2c: [-0.9528803628284146, 0.061866049556004526, 0.29697071580935896, -0.2893787118351957,
    -0.47903337969219356, -0.828726120185238, 0.09098887444403188, -0.8756138492811821,
    0.47436421837486803]
  cam_t_m2c: [0.09369608922693562, -0.7028935115162699, 462.9291878869625]
  obj_bb: [238, 177, 152, 159]
  obj_id: 1
66:
- cam_R_m2c: [-0.9863712583659485, -0.07199468614021512, 0.14794764559514725, -0.0757427053619126,
    -0.5995594256247043, -0.7967380609265716, 0.1460643120479259, -0.7970854786734901,
    0.5859351128186633]
  cam_t_m2c: [-7.047573328310297, 46.865114585461995, 440.5692585394809]
  obj_bb: [227, 242, 161, 170]
  obj_id: 1
67:
- cam_R_m2c: [-0.9627973117502858, -0.23940569291584593, -0.12532458133146493, 0.24247569443834197,
    -0.5606877764475825, -0.7917289655866518, 0.11927646076685502, -0.7926626845902042,
    0.5978787455372397]
  cam_t_m2c: [-41.44539644553058, 48.16321341579377, 426.177228110128]
  obj_bb: [176, 242, 174, 176]
  obj_id: 1
68:
- cam_R_m2c: [-0.8948745583917015, -0.37117256099511237, -0.24785167884762616, 0.39187850159668686,
    -0.387646945336452, -0.8343626823855758, 0.21361358741801206, -0.8437776814633385,
    0.492349936056419]
  cam_t_m2c: [55.44079354540876, 142.81769504260905, 659.6854470782121]
  obj_bb: [317, 326, 112, 113]
  obj_id: 1
69:
- cam_R_m2c: [-0.9204837266710233, -0.37451866886773605, -0.11155929187371351, 0.26256384417351625,
    -0.3812932231939526, -0.8863834980860106, 0.28943036583373694, -0.8451930221055461,
    0.4493092684526366]
  cam_t_m2c: [172.30811033197958, 85.77192167877564, 630.7091918353142]
  obj_bb: [429, 275, 118, 119]
  obj_id: 1
70:
- cam_R_m2c: [-0.9566795975316857, -0.23591337293596118, -0.17061368097720006, 0.23068371743834784,
    -0.2567036862977015, -0.9385564660423984, 0.17762086075525083, -0.9372556203678639,
    0.300004553154472]
  cam_t_m2c: [46.12562001446813, -16.769552989065303, 639.5953727231072]
  obj_bb: [306, 176, 114, 116]
  obj_id: 1
71:
- cam_R_m2c: [-0.9689821839493142, -0.15346372854987583, -0.19370702415861757, 0.2325656954749164,
    -0.3011459187322876, -0.9247833978392751, 0.083586628578294, -0.9411482453101937,
    0.32749542878101034]
  cam_t_m2c: [-12.484070840161273, 10.214982035203192, 641.3590928954437]
  obj_bb: [250, 203, 113, 115]
  obj_id: 1
72:
- cam_R_m2c: [-0.9537740529990825, -0.1771968134697989, -0.24272689410498594, 0.2886681564619308,
    -0.31555381956348266, -0.9039338927176962, 0.08358080683131754, -0.9322162175456113,
    0.35211812289965944]
  cam_t_m2c: [-40.346504115948626, 58.39791475073874, 624.5516634299062]
  obj_bb: [221, 248, 117, 118]
  obj_id: 1
73:
- cam_R_m2c: [-0.991815753532872, -0.08747422857961118, -0.09300414172725563, 0.11911125901986475,
    -0.3716038970538815, -0.9207187690435505, 0.045978462552854066, -0.9242612201259828,
    0.3789817646701562]
  cam_t_m2c: [-56.85513561179637, 68.12846474252423, 627.182401168822]
  obj_bb: [204, 258, 116, 119]
  obj_id: 1
74:
- cam_R_m2c: [-0.9517880681374781, 0.06373769685360776, 0.30006162592195096, -0.30106217090554566,
    -0.3816884653883813, -0.8738852811662996, 0.05883062638428463, -0.9220907880405596,
    0.3824755364856328]
  cam_t_m2c: [-59.10292255036105, 16.479065396434844, 633.0843209059232]
  obj_bb: [202, 209, 112, 117]
  obj_id: 1
75:
- cam_R_m2c: [-0.8689517967987903, 0.15702039262894094, 0.4693265080291197, -0.4940350766686932,
    -0.3311567923114527, -0.8039057916988457, 0.029191057896426148, -0.9304191395304822,
    0.36533287141214776]
  cam_t_m2c: [-83.25296854152909, -35.601007280850254, 636.1296002271544]
  obj_bb: [177, 159, 112, 117]
  obj_id: 1
76:
- cam_R_m2c: [-0.7900138632390623, 0.24340195317790417, 0.5627020393416695, -0.6123853309917502,
    -0.26932242628705, -0.7432695588311022, -0.029364983844999915, -0.9317837302121335,
    0.36182423610883924]
  cam_t_m2c: [-125.61693997186057, -107.72302400347884, 639.6272630663522]
  obj_bb: [136, 90, 112, 118]
  obj_id: 1
77:
- cam_R_m2c: [-0.4385114926592836, 0.32595628582447, 0.8375321907468655, -0.8979361978398945,
    -0.11985250925869231, -0.42349257447236227, -0.03765973200331241, -0.9377568318897558,
    0.34524465068922816]
  cam_t_m2c: [-14.583163195849139, -161.58747581393123, 638.8627484472756]
  obj_bb: [238, 35, 115, 118]
  obj_id: 1
78:
- cam_R_m2c: [-0.248966422311621, 0.28033458558276186, 0.9270535263335624, -0.9685043803117033,
    -0.06823651561323227, -0.23946407508018575, -0.0038711598256011004, -0.9574739150823413,
    0.2884938752530084]
  cam_t_m2c: [86.558519620856, -142.49959543358784, 632.9255247438093]
  obj_bb: [333, 51, 118, 119]
  obj_id: 1
79:
- cam_R_m2c: [-0.2777373908468632, 0.2986412784320678, 0.9130582284509773, -0.9590673655060267,
    -0.031542258854569155, -0.28141583880030796, -0.0552424668792616, -0.9538440505254576,
    0.2951775688128794]
  cam_t_m2c: [70.82063521121192, -191.32565596785003, 624.387884400583]
  obj_bb: [318, 0, 120, 123]
  obj_id: 1
80:
- cam_R_m2c: [-0.4024379110941247, 0.27785490668052826, 0.8722616456933969, -0.915103801494529,
    -0.1482003229147637, -0.3749955956784322, 0.02507509131508473, -0.9491223920662263,
    0.31390750974455117]
  cam_t_m2c: [85.62798348516785, -140.25131417712504, 613.0907543310975]
  obj_bb: [334, 48, 121, 123]
  obj_id: 1
81:
- cam_R_m2c: [-0.5583078503650882, 0.18561281020074738, 0.8086038763882449, -0.8086591724141725,
    -0.3395256885006539, -0.48040883601218565, 0.18537175375752468, -0.9221009660213673,
    0.3396573587769318]
  cam_t_m2c: [99.24981096739876, -87.27227741446877, 613.9191845320237]
  obj_bb: [348, 105, 122, 122]
  obj_id: 1
82:
- cam_R_m2c: [-0.86664222597995, 0.0018635878665249628, 0.49892662705931157, -0.45461169257142814,
    -0.4149704070921377, -0.7881165968402944, 0.20557106101263115, -0.9098330002138028,
    0.36047808615239263]
  cam_t_m2c: [5.449905396081839, -93.31328423658469, 617.046205800275]
  obj_bb: [263, 102, 115, 120]
  obj_id: 1
83:
- cam_R_m2c: [-0.9285542131032337, 0.012765461237930376, 0.37097724502672347, -0.3452960667374396,
    -0.396480783922812, -0.8506313033715646, 0.13622664799476047, -0.9179542640999802,
    0.3725617658815465]
  cam_t_m2c: [-85.05836191707586, -136.51999768840184, 631.7297590596794]
  obj_bb: [177, 64, 114, 116]
  obj_id: 1
84:
- cam_R_m2c: [-0.8648810634605804, 0.03017801577387208, 0.5010688909034844, -0.478278883884586,
    -0.35261911348183284, -0.8043065771441892, 0.15241409153162538, -0.9352801976794113,
    0.3194071015668736]
  cam_t_m2c: [10.950367121704447, -139.9016709808552, 602.8416903262846]
  obj_bb: [267, 50, 117, 125]
  obj_id: 1
85:
- cam_R_m2c: [-0.8838901094666284, 0.1020250113697731, 0.4564309054414142, -0.4469263595112057,
    -0.4718418772656253, -0.7600145209352983, 0.13782272512590954, -0.8757603210430626,
    0.46265403545783507]
  cam_t_m2c: [-63.920890006183754, -29.041097444618323, 674.1381989810584]
  obj_bb: [203, 173, 106, 110]
  obj_id: 1
86:
- cam_R_m2c: [-0.887861724015944, -0.09511791498033964, 0.450171235506256, -0.3085161330713614,
    -0.6027871303920295, -0.7358433740059339, 0.3413493147233932, -0.7922122554489647,
    0.505846209488946]
  cam_t_m2c: [30.93200702609983, 47.5150651600575, 658.6011684654666]
  obj_bb: [292, 244, 108, 112]
  obj_id: 1
87:
- cam_R_m2c: [-0.8663716286033709, -0.19786410424820036, 0.4585302578905781, -0.22585008652794566,
    -0.6636676080907362, -0.7131178334514153, 0.44541210083075, -0.7213841571736784,
    0.5302951614076444]
  cam_t_m2c: [85.22340952860442, 83.29689043780735, 638.6663302544424]
  obj_bb: [344, 279, 113, 116]
  obj_id: 1
88:
- cam_R_m2c: [-0.8476841108392836, -0.25569901933239364, 0.46481142385172275, -0.17110041061268683,
    -0.697574269122939, -0.6957835788129583, 0.5021516680434146, -0.6693341098211343,
    0.5475724168648075]
  cam_t_m2c: [125.36698868481838, 105.25538858740659, 617.0677443849322]
  obj_bb: [385, 302, 119, 121]
  obj_id: 1
89:
- cam_R_m2c: [-0.9058125058910494, -0.14300211760498732, 0.398815870461379, -0.21023521640148252,
    -0.6655419539880844, -0.7161389957727097, 0.3678380866033314, -0.7325327991579712,
    0.5727921439770173]
  cam_t_m2c: [1.1063981388568371, 56.30721896323584, 626.6831124852648]
  obj_bb: [262, 254, 115, 117]
  obj_id: 1
90:
- cam_R_m2c: [-0.9062963453793977, -0.201130580208134, 0.3717168600656775, -0.1445999265786599,
    -0.6788689430868837, -0.7198804201709774, 0.39713699850982564, -0.7061752245846893,
    0.5861729749803979]
  cam_t_m2c: [-2.9192088303418573, 66.02686807881389, 604.4965766960157]
  obj_bb: [256, 265, 121, 121]
  obj_id: 1
91:
- cam_R_m2c: [-0.8781275007994103, -0.2879361468422237, 0.3820796614338884, -0.07148029197541071,
    -0.7106927127180829, -0.6998617263063628, 0.4730567198538579, -0.6418789943837279,
    0.6034970558089265]
  cam_t_m2c: [46.37318277667244, 90.27639162740944, 583.3136752321581]
  obj_bb: [306, 291, 127, 127]
  obj_id: 1
92:
- cam_R_m2c: [-0.8909803176659511, -0.28166043931555823, 0.3561200225435909, -0.09030987893171198,
    -0.6587260994969285, -0.7469431381362991, 0.44496988583410957, -0.6976727906161523,
    0.5614752692101852]
  cam_t_m2c: [17.58671287600383, 29.693219282253576, 580.9785015706412]
  obj_bb: [276, 228, 127, 125]
  obj_id: 1
93:
- cam_R_m2c: [-0.8899845627325574, -0.28405997578092274, 0.3567035299195688, -0.08842972959167439,
    -0.6598924232444391, -0.746138172638906, 0.44733394798749904, -0.6955946520092893,
    0.5621747229056052]
  cam_t_m2c: [17.665027287443596, 30.75604398067755, 581.0562544049949]
  obj_bb: [276, 229, 128, 125]
  obj_id: 1
94:
- cam_R_m2c: [-0.9134632279593087, -0.217486542413082, 0.3439251881374252, -0.07624677980108394,
    -0.7387393628478203, -0.6696645297080934, 0.3997140974948539, -0.6379371110449679,
    0.6582285944985033]
  cam_t_m2c: [-22.687874942239368, 123.58913474969788, 623.816685727902]
  obj_bb: [238, 320, 119, 121]
  obj_id: 1
95:
- cam_R_m2c: [-0.9210533736302978, -0.19591996355476898, 0.33656507662700985, -0.07386336171362463,
    -0.7606631487190355, -0.644930831932545, 0.3823674760235358, -0.6188755465047399,
    0.6861400521889465]
  cam_t_m2c: [-36.91605386511429, 154.93273751134146, 635.4571354894998]
  obj_bb: [226, 349, 116, 120]
  obj_id: 1
96:
- cam_R_m2c: [-0.9299977074856869, -0.2516732912366523, 0.2678895640921429, 0.01675104268849653,
    -0.7570840424402003, -0.653102714166197, 0.36718342370022, -0.6028965974033328,
    0.7083022138884423]
  cam_t_m2c: [-74.30136074426298, 163.11815673540895, 642.8272434491387]
  obj_bb: [191, 355, 117, 119]
  obj_id: 1
97:
- cam_R_m2c: [-0.9967994445144516, -0.07479099813312096, 0.02823427020364524, 0.008434825074682163,
    -0.4496041460500898, -0.8931880908187979, 0.079496673777212, -0.8900912416448221,
    0.44879601202053754]
  cam_t_m2c: [-175.02318477828916, -123.94617651964995, 699.8685574265155]
  obj_bb: [111, 93, 109, 106]
  obj_id: 1
98:
- cam_R_m2c: [-0.9851067813057991, -0.07987116878967422, 0.15226695577668947, -0.09932236257271172,
    -0.4585437595734772, -0.8831040079453815, 0.14035561163809496, -0.8850752606148208,
    0.44378157389565404]
  cam_t_m2c: [-69.5513580376498, -138.9727508736054, 667.2362259422418]
  obj_bb: [199, 73, 110, 110]
  obj_id: 1
99:
- cam_R_m2c: [-0.9669557363519693, -0.020408948822367767, 0.2541261079542735, -0.22064032683172177,
    -0.4324039766401992, -0.8742680636745992, 0.12772803181608985, -0.9014489867949866,
    0.41361246849518446]
  cam_t_m2c: [-11.518772908652428, -160.40250338450218, 647.7996475224672]
  obj_bb: [250, 47, 110, 114]
  obj_id: 1
100:
- cam_R_m2c: [-0.963801045813002, -0.015402748298546112, 0.2661771955570501, -0.2339389297723144,
    -0.4300750241363862, -0.8719564500312338, 0.12790668953087875, -0.9026617467019078,
    0.41090345558818675]
  cam_t_m2c: [-5.535372766799829, -161.78542711662257, 646.1362964535397]
  obj_bb: [256, 45, 109, 114]
  obj_id: 1
101:
- cam_R_m2c: [-0.9847370397986818, -0.023529130332996556, 0.17245098571565926, -0.14694883201885234,
    -0.41856026167749805, -0.896221707008238, 0.09326844705914628, -0.9078841816940296,
    0.4087142148408077]
  cam_t_m2c: [-82.87043864768134, -160.30832296583225, 667.1122838478747]
  obj_bb: [186, 52, 109, 111]
  obj_id: 1
102:
- cam_R_m2c: [-0.985316893238335, 0.048545036098153437, 0.16368872706874033, -0.16959932296889102,
    -0.3887107957927217, -0.9056158053405886, 0.019664423399870512, -0.9200800490742195,
    0.39123651893443256]
  cam_t_m2c: [-118.05252717049945, -185.06627505412953, 670.0256982075537]
  obj_bb: [154, 30, 108, 111]
  obj_id: 1
103:
- cam_R_m2c: [-0.9177364908657557, 0.09246916445330772, 0.3862760502007806, -0.3938654303883926,
    -0.3374309444604362, -0.8549914505218776, 0.05128114739721665, -0.9367976362832291,
    0.3460930981336955]
  cam_t_m2c: [12.521220715761547, -160.5907175282477, 634.3695593834433]
  obj_bb: [269, 39, 113, 119]
  obj_id: 1
104:
- cam_R_m2c: [-0.8914636360947659, 0.276021072361045, 0.3593117770590857, -0.45232420603349,
    -0.4959991168168958, -0.7412069135896082, -0.026370403047208196, -0.8232844245639042,
    0.5670161885816045]
  cam_t_m2c: [-90.44826105648548, -3.123879120165318, 741.4921905770009]
  obj_bb: [187, 200, 99, 101]
  obj_id: 1
105:
- cam_R_m2c: [-0.9010339046492314, 0.23672150086025806, 0.36345678381759017, -0.4337455440190709,
    -0.4885645639673379, -0.7570795664122796, -0.0016449061249363128, -0.8398021182789859,
    0.5428901329163833]
  cam_t_m2c: [-73.42264385344569, -12.6221529016039, 714.8341143264007]
  obj_bb: [198, 191, 102, 103]
  obj_id: 1
106:
- cam_R_m2c: [-0.9060482878447714, 0.28912570202073257, 0.309002958763467, -0.4062833174692329,
    -0.39008732002973867, -0.8262964048682597, -0.11836539206944235, -0.8742071900774067,
    0.47090489780550426]
  cam_t_m2c: [-148.78200355615678, -120.1236879907005, 687.5244307839562]
  obj_bb: [126, 92, 106, 108]
  obj_id: 1
107:
- cam_R_m2c: [-0.7739743405900539, 0.2690565265761241, 0.5732122692467274, -0.6309990504110312,
    -0.40341255279764976, -0.6626450864721328, 0.05295203951282862, -0.8745666914261455,
    0.48200537731373594]
  cam_t_m2c: [11.800090739226194, 41.347557974478114, 664.0761912489866]
  obj_bb: [265, 234, 112, 113]
  obj_id: 1
108:
- cam_R_m2c: [-0.7535353458887212, 0.21496715428798072, 0.6212677402486732, -0.6421953683577498,
    -0.44281831792336657, -0.6256972480132659, 0.14060437886573582, -0.8704602575010807,
    0.4717301651950327]
  cam_t_m2c: [64.62202464586927, 87.44002886015306, 642.558199363638]
  obj_bb: [314, 277, 116, 117]
  obj_id: 1
109:
- cam_R_m2c: [-0.9972164874326085, -0.018143791855653735, -0.07231929209878282, 0.0704856641046338,
    -0.5456657034755205, -0.8350333593373944, -0.02431148593358898, -0.8378065068186473,
    0.5454257133506237]
  cam_t_m2c: [125.85377657791147, -114.50798411782495, 693.183672434557]
  obj_bb: [372, 103, 106, 104]
  obj_id: 1
110:
- cam_R_m2c: [-0.9941089701612558, -0.09864614315698102, -0.04490316119361719, 0.09289384100917729,
    -0.5620200962286193, -0.8218905923161157, 0.05583985805398553, -0.8212200374293277,
    0.5678728382103555]
  cam_t_m2c: [162.67119287430842, -86.56359958721576, 696.2815205631852]
  obj_bb: [406, 128, 105, 104]
  obj_id: 1
111:
- cam_R_m2c: [-0.9770357336877928, -0.21182650015656476, -0.02303712066593723, 0.1438960475877373,
    -0.5762144619004648, -0.804531429706376, 0.15714675493239982, -0.7893709063096882,
    0.5934631156913104]
  cam_t_m2c: [194.23421566850527, -58.98482573474531, 686.9552924509534]
  obj_bb: [437, 151, 108, 105]
  obj_id: 1
112:
- cam_R_m2c: [-0.970547265216802, -0.22196142859653453, -0.09365431221023639, 0.1993028869594333,
    -0.5213764994820193, -0.8297258011159541, 0.13533796669753206, -0.8239536819526094,
    0.5502580892335125]
  cam_t_m2c: [147.84288176180988, -96.01610021238224, 674.7751085695182]
  obj_bb: [398, 114, 108, 108]
  obj_id: 1
113:
- cam_R_m2c: [-0.9676241757277443, -0.21254675753258895, -0.1361151365924691, 0.2259621746016301,
    -0.48924698989149606, -0.8423648132082754, 0.11244798885042855, -0.8458494303033449,
    0.5214347428576281]
  cam_t_m2c: [115.76297698524648, -93.85012883752948, 671.4503563693038]
  obj_bb: [370, 115, 107, 109]
  obj_id: 1
114:
- cam_R_m2c: [-0.9621821878144743, -0.2392836111001651, -0.1301875221033762, 0.23243158174762274,
    -0.4719240991036472, -0.8504488253219646, 0.14205983689576124, -0.8485464030588288,
    0.5096940303722164]
  cam_t_m2c: [104.623301881804, -76.39381427134627, 652.3674440951088]
  obj_bb: [362, 127, 110, 113]
  obj_id: 1
115:
- cam_R_m2c: [-0.9616489968693815, -0.23935611690166586, -0.1339397481029005, 0.23431756625381878,
    -0.4630856482827117, -0.8547788956797353, 0.1425709821983408, -0.8533817033756563,
    0.5014111919160398]
  cam_t_m2c: [76.00206071156113, -71.63358577337458, 649.7091959836563]
  obj_bb: [335, 130, 111, 114]
  obj_id: 1
116:
- cam_R_m2c: [-0.9505447077206457, -0.2686261861292543, -0.15589974583020816, 0.26588786732906305,
    -0.4443722267837882, -0.8554747021802691, 0.16052538936714922, -0.8546188016822873,
    0.49382011216601573]
  cam_t_m2c: [56.94181417176361, -63.540561587172, 644.0353333748174]
  obj_bb: [317, 136, 114, 115]
  obj_id: 1
117:
- cam_R_m2c: [-0.9018743937611668, -0.38554007715900923, -0.19488824177500613, 0.33423642273793414,
    -0.336921244544953, -0.8802102525474407, 0.27369433971727847, -0.8589778366631502,
    0.43272217938097157]
  cam_t_m2c: [57.082323314933625, -82.64835093700468, 621.3614198571536]
  obj_bb: [318, 111, 120, 119]
  obj_id: 1
118:
- cam_R_m2c: [-0.8767695424257157, -0.441498196255599, -0.19066859253074178, 0.3459057904074628,
    -0.30351120906118834, -0.8878232538837922, 0.33410231013447045, -0.8443697582678271,
    0.4188261664289158]
  cam_t_m2c: [60.85938484315237, -70.46794418635369, 606.9052845555759]
  obj_bb: [323, 119, 123, 122]
  obj_id: 1
119:
- cam_R_m2c: [-0.8746338334282162, -0.43972373744358356, -0.20410461080365178, 0.35689267586631884,
    -0.29910854840707496, -0.8849642332788322, 0.32809034630059214, -0.8468631005058959,
    0.41854463760260824]
  cam_t_m2c: [40.69925892372, -50.16013866065999, 612.1130768543597]
  obj_bb: [303, 140, 122, 121]
  obj_id: 1
120:
- cam_R_m2c: [-0.8316247105612309, -0.4800012188801185, -0.27928331611027113, 0.4252986707444757,
    -0.22710300243754536, -0.8760966082269892, 0.35710136018633576, -0.8473624113432534,
    0.3930083490151527]
  cam_t_m2c: [17.612895900035756, -56.23041047379124, 616.9593239033613]
  obj_bb: [282, 134, 120, 120]
  obj_id: 1
121:
