0 1 -0.990145 -0.028806 -0.137055 0.129331 -0.563542 -0.815901 -0.053733 -0.825585 0.561714 0.124432 -0.115308 0.697240
1 1 -0.975509 -0.219933 -0.003502 0.130759 -0.567031 -0.813252 0.176875 -0.793792 0.581901 0.198912 -0.064141 0.680209
2 1 -0.962581 -0.257128 -0.085576 0.207312 -0.495323 -0.843610 0.174528 -0.829783 0.530094 0.108550 -0.084151 0.656280
3 1 -0.952070 -0.278480 -0.126537 0.253196 -0.485380 -0.836838 0.171624 -0.828767 0.532626 0.057727 -0.063869 0.641813
4 1 -0.822063 -0.466135 -0.327003 0.461437 -0.208909 -0.862226 0.333600 -0.859695 0.386828 -0.004749 -0.031800 0.629985
5 1 -0.836301 -0.451904 -0.310457 0.407326 -0.133077 -0.903535 0.366997 -0.882085 0.295364 -0.009227 -0.048389 0.595360
6 1 -0.774976 -0.555255 -0.301834 0.424761 -0.103982 -0.899314 0.467963 -0.825154 0.316434 0.018891 -0.090841 0.515131
7 1 -0.949361 -0.298692 -0.097447 0.216834 -0.398433 -0.891198 0.227368 -0.867199 0.443023 0.032624 -0.039708 0.525722
8 1 -0.997478 -0.058753 0.039829 -0.030020 -0.159288 -0.986776 0.064320 -0.985482 0.157122 0.038424 0.003126 0.589994
9 1 -0.965295 0.044592 0.257327 -0.258726 -0.028994 -0.965516 -0.035593 -0.998584 0.039525 0.118187 -0.028061 0.617466
10 1 -0.946084 0.179177 0.269854 -0.264840 0.051801 -0.962900 -0.186508 -0.982452 -0.001555 0.131431 -0.039655 0.637631
11 1 -0.922951 0.300687 0.240308 -0.216075 0.111934 -0.969939 -0.318547 -0.947131 -0.038339 0.174538 -0.019733 0.684905
12 1 -0.878561 0.370575 0.301340 -0.260366 0.157349 -0.952602 -0.400426 -0.915377 -0.041756 0.103451 -0.023703 0.664142
13 1 -0.822363 0.457409 0.338373 -0.268517 0.212310 -0.939587 -0.501616 -0.863540 -0.051774 0.092941 -0.034099 0.601544
14 1 -0.793896 0.488306 0.362336 -0.398338 0.032560 -0.916660 -0.459409 -0.872065 0.168661 0.095874 -0.034304 0.606913
15 1 -0.784752 0.502772 0.362471 -0.441799 -0.043576 -0.896055 -0.434716 -0.863320 0.256321 0.110854 -0.061051 0.651204
16 1 -0.805590 0.521096 0.281928 -0.436483 -0.200219 -0.877151 -0.400632 -0.829682 0.388744 0.071832 -0.095042 0.690772
17 1 -0.911574 0.394750 0.114910 -0.263289 -0.345838 -0.900597 -0.315770 -0.851216 0.419191 0.064714 -0.062859 0.752670
18 1 -0.959329 0.117477 -0.256683 0.039633 -0.844233 -0.534509 -0.279493 -0.522944 0.805241 0.078892 0.216615 0.726510
19 1 -0.914424 -0.169285 -0.367658 0.355398 -0.770510 -0.529156 -0.193706 -0.614538 0.764736 0.048243 0.009156 0.718575
20 1 -0.609571 0.063323 -0.790198 0.691902 -0.444005 -0.569325 -0.386903 -0.893784 0.226839 0.105716 0.019862 0.548843
21 1 -0.595674 0.023944 -0.802870 0.724591 -0.415315 -0.549983 -0.346612 -0.909363 0.230043 0.081587 -0.031464 0.559382
22 1 -0.709374 -0.005524 -0.704811 0.612223 -0.500315 -0.612265 -0.349245 -0.865826 0.358292 0.003143 -0.087090 0.660559
23 1 -0.734815 -0.079691 -0.673570 0.624703 -0.466317 -0.626334 -0.264184 -0.881021 0.392439 0.061937 -0.063710 0.641919
24 1 -0.780035 -0.178281 -0.599801 0.601433 -0.478160 -0.640032 -0.172695 -0.859988 0.480205 0.091196 -0.026232 0.655015
25 1 -0.839180 -0.175393 -0.514795 0.497421 -0.630236 -0.596134 -0.219884 -0.756333 0.616126 0.091112 0.144268 0.615994
26 1 -0.864190 -0.246964 -0.438388 0.482955 -0.651577 -0.584981 -0.141174 -0.717256 0.682359 0.066443 0.139087 0.656067
27 1 -0.909223 -0.171564 -0.379315 0.402181 -0.597341 -0.693855 -0.107540 -0.783422 0.612115 -0.001138 0.051483 0.557245
28 1 -0.970288 -0.210836 0.118703 0.050084 -0.654991 -0.753975 0.236714 -0.725627 0.646089 -0.048339 0.096697 0.540288
29 1 -0.998110 -0.056651 -0.023804 0.055931 -0.677110 -0.733754 0.025450 -0.733698 0.678999 -0.118511 0.083515 0.521206
30 1 -0.989611 0.077458 0.121124 -0.143632 -0.569904 -0.809061 0.006361 -0.818052 0.575108 -0.126525 0.032449 0.506157
31 1 -0.956248 0.119814 0.266897 -0.289695 -0.515075 -0.806706 0.040817 -0.848730 0.527249 -0.123385 0.014259 0.487029
32 1 -0.934924 0.178151 0.306886 -0.354461 -0.428496 -0.831113 -0.016564 -0.885807 0.463758 -0.097920 0.010845 0.468659
33 1 -0.839493 0.189555 0.509235 -0.542414 -0.236746 -0.806064 -0.032235 -0.952901 0.301564 -0.069130 -0.022854 0.445932
34 1 -0.858738 -0.043907 0.510531 -0.388069 -0.594901 -0.703914 0.334622 -0.802599 0.493825 -0.048779 0.027814 0.536814
35 1 -0.857780 -0.048168 0.511755 -0.341374 -0.690943 -0.637230 0.384287 -0.721303 0.576234 -0.034809 0.069079 0.534607
36 1 -0.885046 0.002821 0.465495 -0.329761 -0.709599 -0.622677 0.328558 -0.704600 0.628958 -0.055552 0.077674 0.528967
37 1 -0.832317 0.028986 0.553542 -0.429727 -0.664520 -0.611349 0.350119 -0.746708 0.565547 -0.095934 0.030296 0.513657
38 1 -0.745119 0.051405 0.664948 -0.515965 -0.676171 -0.525902 0.422584 -0.734949 0.530351 -0.092527 0.010671 0.496170
39 1 -0.780001 0.046342 0.624060 -0.488911 -0.667591 -0.561506 0.390595 -0.743085 0.543379 -0.128601 -0.001628 0.501345
40 1 -0.966057 -0.073817 0.247560 -0.139408 -0.657820 -0.740161 0.217486 -0.749549 0.625201 -0.122164 -0.016156 0.412943
41 1 -0.972339 -0.040822 0.229978 -0.148773 -0.650801 -0.744529 0.180063 -0.758150 0.626727 -0.087882 -0.046372 0.412060
42 1 -0.985768 0.134361 0.101035 -0.160375 -0.571405 -0.804846 -0.050408 -0.809595 0.584821 -0.053888 -0.028536 0.410530
43 1 -0.985852 0.111837 -0.124855 0.040806 -0.562332 -0.825904 -0.162577 -0.819314 0.549813 -0.005344 -0.048204 0.475546
44 1 -0.941055 0.244586 -0.233653 -0.017044 -0.724171 -0.689410 -0.337825 -0.644790 0.685653 -0.096184 0.037512 0.495310
45 1 -0.933502 0.255411 -0.251674 -0.044453 -0.778895 -0.625577 -0.355807 -0.572790 0.738454 -0.148042 0.061857 0.522558
46 1 -0.952813 0.293353 -0.078053 -0.202453 -0.805684 -0.556674 -0.226188 -0.514604 0.827056 -0.062520 0.076482 0.595710
47 1 -0.956208 0.274147 -0.102512 -0.163435 -0.790676 -0.590018 -0.242806 -0.547426 0.800856 -0.041629 0.023975 0.617331
48 1 -0.713765 0.378462 -0.589327 0.235082 -0.663163 -0.710600 -0.659755 -0.645741 0.384373 -0.022816 0.060833 0.579294
49 1 -0.772117 0.258211 -0.580657 0.306049 -0.649690 -0.695871 -0.556929 -0.715003 0.422611 0.055161 0.102413 0.567015
50 1 -0.801309 0.206751 -0.561389 0.393057 -0.525486 -0.754566 -0.451010 -0.825299 0.339812 0.137059 0.027904 0.578866
51 1 -0.793309 0.140438 -0.592400 0.494159 -0.419833 -0.761280 -0.355622 -0.896670 0.263659 0.124442 0.029201 0.528440
52 1 -0.875801 0.241787 -0.417745 0.287582 -0.433696 -0.853934 -0.387645 -0.868013 0.310298 0.078863 0.084580 0.523357
53 1 -0.855328 0.160635 -0.492556 0.370003 -0.476079 -0.797776 -0.362646 -0.864607 0.347768 -0.004890 0.108379 0.499995
54 1 -0.848926 0.111745 -0.516564 0.437954 -0.398368 -0.805915 -0.295839 -0.910393 0.289246 -0.041409 0.055826 0.503532
55 1 -0.886244 -0.005607 -0.463184 0.444045 -0.294990 -0.846052 -0.131891 -0.955484 0.263923 -0.002413 0.029751 0.492886
56 1 -0.917974 -0.168938 -0.358864 0.395598 -0.324396 -0.859226 0.028742 -0.930713 0.364619 0.072565 0.036716 0.487500
57 1 -0.935359 -0.186081 0.300794 -0.145240 -0.573349 -0.806335 0.322504 -0.797900 0.509261 0.040339 0.047313 0.484085
58 1 -0.876590 0.034309 0.480013 -0.430610 -0.501258 -0.750543 0.214860 -0.864617 0.454172 0.002051 0.002911 0.463486
59 1 -0.984237 -0.026920 0.174792 -0.130021 -0.559818 -0.818351 0.119882 -0.828178 0.547493 -0.006730 0.048795 0.439114
60 1 -0.987186 -0.155144 -0.037351 0.123075 -0.591246 -0.797045 0.101573 -0.791428 0.602764 -0.038139 0.050459 0.428401
61 1 -0.923391 -0.358152 -0.138119 0.263503 -0.329762 -0.906545 0.279135 -0.873490 0.398873 0.174304 0.088151 0.633893
62 1 -0.944802 -0.246706 -0.215602 0.282282 -0.278870 -0.917904 0.166328 -0.928099 0.333118 0.045894 -0.016867 0.642272
63 1 -0.948803 -0.177711 -0.261134 0.308067 -0.338031 -0.889286 0.069765 -0.924205 0.375472 -0.013277 0.010285 0.641227
64 1 -0.957471 -0.163820 -0.237513 0.280023 -0.329191 -0.901787 0.069543 -0.929944 0.361064 -0.039286 0.059361 0.628334
65 1 -0.983541 -0.079726 -0.162147 0.180222 -0.368518 -0.911984 0.012955 -0.926196 0.376821 -0.054717 0.068207 0.628343
66 1 -0.915784 0.076889 0.394243 -0.395194 -0.348026 -0.850117 0.071843 -0.934326 0.349103 -0.059168 0.017361 0.633271
67 1 -0.802135 0.238514 0.547440 -0.595834 -0.259021 -0.760191 -0.039518 -0.935959 0.349884 -0.122510 -0.105624 0.633450
68 1 -0.437533 0.302657 0.846737 -0.899056 -0.130263 -0.418006 -0.016214 -0.944156 0.329100 -0.014164 -0.160639 0.642061
69 1 -0.367444 0.297250 0.881265 -0.927804 -0.051408 -0.369508 -0.064532 -0.953415 0.294679 0.085617 -0.142964 0.629065
70 1 -0.557434 0.228192 0.798245 -0.825058 -0.045200 -0.563237 -0.092445 -0.972566 0.213468 0.084117 -0.143652 0.620897
71 1 -0.545096 0.167282 0.821515 -0.816814 -0.326758 -0.475441 0.188904 -0.930186 0.314753 0.099103 -0.086912 0.617299
72 1 -0.889353 -0.034543 0.455915 -0.388950 -0.467020 -0.794110 0.240352 -0.883572 0.401910 0.004873 -0.092839 0.619593
73 1 -0.928368 0.042272 0.369250 -0.352738 -0.413195 -0.839551 0.117083 -0.909661 0.398508 -0.084143 -0.137527 0.630161
74 1 -0.898499 0.089382 0.429780 -0.417090 -0.479111 -0.772327 0.136880 -0.873192 0.467761 -0.063557 -0.028793 0.673890
75 1 -0.884646 -0.117345 0.451256 -0.287216 -0.625252 -0.725650 0.367300 -0.771551 0.519423 0.030604 0.048359 0.657658
76 1 -0.850939 -0.201062 0.485260 -0.225994 -0.693817 -0.683772 0.474162 -0.691514 0.544957 0.085720 0.085628 0.637763
77 1 -0.854878 -0.262984 0.447239 -0.159983 -0.686396 -0.709413 0.493547 -0.678012 0.544712 0.121063 0.106962 0.618700
78 1 -0.907739 -0.158974 0.388250 -0.188558 -0.672098 -0.716052 0.374776 -0.723195 0.580114 0.000534 0.058578 0.624023
79 1 -0.922439 -0.186300 0.338229 -0.109693 -0.713407 -0.692112 0.370235 -0.675532 0.637638 -0.003027 0.067633 0.605716
80 1 -0.880246 -0.270263 0.390032 -0.072652 -0.735504 -0.673614 0.468923 -0.621282 0.627789 0.047904 0.091862 0.580992
81 1 -0.902464 -0.248872 0.351599 -0.079637 -0.705758 -0.703963 0.423341 -0.663301 0.617102 0.017896 0.030877 0.581672
82 1 -0.917014 -0.210927 0.338518 -0.073128 -0.745427 -0.662564 0.392093 -0.632336 0.668143 -0.023544 0.123765 0.623949
83 1 -0.924451 -0.184214 0.333851 -0.053830 -0.803735 -0.592548 0.377483 -0.565752 0.733097 -0.037141 0.154668 0.633661
84 1 -0.944775 -0.193754 0.264308 -0.010095 -0.788922 -0.614410 0.327563 -0.583148 0.743398 -0.073684 0.164579 0.639181
85 1 -0.992696 -0.065501 0.101315 -0.057306 -0.482985 -0.873751 0.106165 -0.873175 0.475704 -0.177131 -0.125108 0.699809
86 1 -0.989590 -0.070063 0.125706 -0.078403 -0.470011 -0.879172 0.120681 -0.879876 0.459625 -0.069178 -0.139081 0.668381
87 1 -0.956704 -0.036992 0.288703 -0.242497 -0.447271 -0.860897 0.160975 -0.893633 0.418936 -0.011141 -0.161045 0.647594
88 1 -0.951429 -0.043694 0.304752 -0.257747 -0.428316 -0.866090 0.168373 -0.902572 0.396250 -0.005486 -0.163024 0.644617
89 1 -0.986818 -0.012381 0.161358 -0.139959 -0.435284 -0.889348 0.081248 -0.900208 0.427814 -0.081885 -0.160200 0.666638
90 1 -0.966757 0.046018 0.251523 -0.248603 -0.399285 -0.882478 0.059819 -0.915671 0.397452 -0.118198 -0.186286 0.668320
91 1 -0.910135 0.243963 0.334869 -0.414302 -0.530122 -0.739813 -0.002966 -0.812067 0.583557 -0.090384 -0.001540 0.745540
92 1 -0.901936 0.173672 0.395410 -0.425578 -0.513135 -0.745370 0.073449 -0.840554 0.536726 -0.073631 -0.010294 0.718788
93 1 -0.906436 0.244524 0.344357 -0.416048 -0.376727 -0.827636 -0.072648 -0.893468 0.443213 -0.149184 -0.118639 0.687512
94 1 -0.776443 0.230939 0.586348 -0.620832 -0.440047 -0.648789 0.108189 -0.867771 0.485045 0.011676 0.041920 0.666809
95 1 -0.663513 0.251228 0.704723 -0.721693 -0.463263 -0.514341 0.197255 -0.849866 0.488691 0.063316 0.089006 0.641201
96 1 -0.988599 -0.024933 -0.148495 0.135658 -0.575436 -0.806518 -0.065340 -0.817467 0.572257 0.124533 -0.114736 0.697640
97 1 -0.982940 -0.082571 -0.164350 0.182028 -0.564796 -0.804905 -0.026362 -0.821089 0.570190 0.162254 -0.086303 0.702970
98 1 -0.973551 -0.203511 -0.103836 0.197949 -0.524410 -0.828137 0.114082 -0.826788 0.550824 0.149064 -0.095987 0.676531
99 1 -0.976572 -0.196265 -0.088242 0.178538 -0.510065 -0.841402 0.120129 -0.837445 0.533156 0.116418 -0.094737 0.673191
100 1 -0.968785 -0.231218 -0.089410 0.196054 -0.493866 -0.847147 0.151719 -0.838233 0.523781 0.106211 -0.076172 0.654756
101 1 -0.965049 -0.248810 -0.082299 0.193932 -0.466794 -0.862840 0.176267 -0.848644 0.498732 0.078504 -0.071641 0.649360
102 1 -0.955244 -0.277056 -0.103680 0.230963 -0.479509 -0.846598 0.184839 -0.832653 0.522037 0.059183 -0.062541 0.643679
103 1 -0.914079 -0.389633 -0.112452 0.267978 -0.372212 -0.888620 0.304380 -0.842404 0.444644 0.058999 -0.082097 0.617557
104 1 -0.887173 -0.426322 -0.176560 0.332635 -0.325674 -0.885037 0.319810 -0.843911 0.430739 0.061935 -0.070520 0.605941
105 1 -0.890916 -0.417135 -0.179631 0.346241 -0.367859 -0.863016 0.293915 -0.831071 0.472160 0.042455 -0.050090 0.611197
106 1 -0.839681 -0.468939 -0.273921 0.422594 -0.247395 -0.871900 0.341101 -0.847875 0.405904 0.019714 -0.055592 0.618503
107 1 -0.811889 -0.485071 -0.324873 0.448953 -0.163029 -0.878557 0.373199 -0.859144 0.350136 0.012837 -0.025192 0.629709
108 1 -0.834139 -0.462474 -0.300550 0.410511 -0.156631 -0.898303 0.368366 -0.872688 0.320502 -0.008030 -0.043677 0.602869
109 1 -0.756261 -0.533376 -0.378919 0.466321 -0.033182 -0.883993 0.458927 -0.845227 0.273819 -0.009481 -0.075223 0.555907
110 1 -0.767020 -0.552335 -0.326506 0.424892 -0.055941 -0.903514 0.480777 -0.831743 0.277590 0.006647 -0.099124 0.519610
111 1 -0.921810 -0.314355 -0.226820 0.304422 -0.224802 -0.925630 0.239987 -0.922304 0.302921 -0.004649 -0.126044 0.488053
112 1 -0.956721 -0.290963 -0.004980 0.138391 -0.439859 -0.887340 0.255993 -0.849626 0.461089 0.042121 -0.024920 0.536728
113 1 -0.973675 -0.224406 0.039981 0.059354 -0.418956 -0.906065 0.220077 -0.879840 0.421247 0.037238 0.001991 0.560507
114 1 -0.975903 -0.215642 -0.033332 0.107058 -0.340087 -0.934280 0.190134 -0.915336 0.354979 0.007226 -0.009470 0.567511
115 1 -0.986956 -0.143358 -0.073249 0.114362 -0.304091 -0.945754 0.113307 -0.941795 0.316519 0.007098 0.002067 0.577457
116 1 -0.996651 -0.080721 0.013051 -0.000728 -0.150836 -0.988559 0.081766 -0.985258 0.150272 0.021900 -0.012627 0.588511
117 1 -0.994982 -0.083773 0.054704 -0.040506 -0.162668 -0.985849 0.091486 -0.983118 0.158459 0.052954 -0.001409 0.597806
118 1 -0.965476 0.052323 0.255181 -0.256933 -0.029941 -0.965965 -0.042902 -0.998181 0.042351 0.119637 -0.033702 0.618390
119 1 -0.994621 0.055656 0.087355 -0.086885 0.010807 -0.996160 -0.056386 -0.998392 -0.005913 0.135511 -0.032559 0.625704
120 1 -0.956487 0.149166 0.250763 -0.245651 0.052065 -0.967959 -0.157443 -0.987440 -0.013156 0.125384 -0.055947 0.633797
121 1 -0.932004 0.279806 0.230385 -0.193650 0.152892 -0.969084 -0.306380 -0.947804 -0.088312 0.169696 -0.027128 0.678063
122 1 -0.907959 0.329116 0.259408 -0.214885 0.165789 -0.962465 -0.359770 -0.929622 -0.079808 0.152627 -0.031411 0.673228
123 1 -0.896312 0.361519 0.256766 -0.230255 0.115411 -0.966262 -0.378956 -0.925194 -0.020202 0.125612 -0.031637 0.674962
124 1 -0.838235 0.438546 0.324099 -0.285357 0.153705 -0.946016 -0.464687 -0.885467 -0.003699 0.088429 -0.021937 0.640723
125 1 -0.818037 0.455437 0.351273 -0.279164 0.219578 -0.934801 -0.502875 -0.862764 -0.052481 0.098367 -0.031216 0.604469
126 1 -0.801410 0.479080 0.358084 -0.393475 0.028607 -0.918890 -0.450466 -0.877305 0.165581 0.080560 0.068930 0.611333
127 1 -0.831838 0.474789 0.287438 -0.266451 0.112686 -0.957238 -0.486877 -0.872856 0.032771 0.106042 -0.019846 0.591652
128 1 -0.791483 0.493427 0.360671 -0.408927 0.011052 -0.912500 -0.454238 -0.869717 0.193028 0.114220 -0.038985 0.605032
129 1 -0.793204 0.498036 0.350410 -0.409365 -0.010091 -0.912315 -0.450829 -0.867098 0.211883 0.134573 -0.057144 0.622258
130 1 -0.782114 0.508635 0.359984 -0.450849 -0.063104 -0.890367 -0.430155 -0.858667 0.278672 0.110807 -0.060489 0.651085
131 1 -0.789919 0.514645 0.333420 -0.436722 -0.090454 -0.895038 -0.430467 -0.852619 0.296207 0.074190 -0.098499 0.661173
132 1 -0.811266 0.510466 0.285082 -0.432754 -0.196381 -0.879863 -0.393156 -0.837173 0.380224 0.081467 -0.094131 0.700625
133 1 -0.872819 0.415939 0.255308 -0.386846 -0.270681 -0.881523 -0.297552 -0.868175 0.397159 0.123722 -0.106070 0.711201
134 1 -0.909473 0.410721 0.064559 -0.243155 -0.399491 -0.883902 -0.337246 -0.819582 0.463195 0.027818 -0.034274 0.756759
135 1 -0.951440 0.299316 -0.071918 -0.160982 -0.682919 -0.712536 -0.262388 -0.666357 0.697940 0.036184 0.124964 0.748315
136 1 -0.958766 0.120778 -0.257256 0.038648 -0.841385 -0.539052 -0.281557 -0.526767 0.802024 0.076902 0.214505 0.727602
137 1 -0.965440 0.058956 -0.253869 0.117392 -0.771299 -0.625553 -0.232689 -0.633736 0.737722 0.063487 0.147923 0.723286
138 1 -0.916846 -0.174377 -0.359147 0.344550 -0.800042 -0.491139 -0.201690 -0.574043 0.793597 0.080745 0.094709 0.716621
139 1 -0.918342 -0.170198 -0.357324 0.342404 -0.794464 -0.501584 -0.198512 -0.582974 0.787867 0.058827 0.043356 0.724461
140 1 -0.925579 -0.126954 -0.356632 0.322236 -0.758631 -0.566253 -0.198664 -0.639031 0.743082 0.045010 0.003487 0.715567
141 1 -0.608855 0.074384 -0.789786 0.688243 -0.445558 -0.572538 -0.394483 -0.892157 0.220086 0.105337 0.019473 0.548240
142 1 -0.590707 0.054662 -0.805032 0.714592 -0.427911 -0.553400 -0.374732 -0.902166 0.213709 0.091243 0.014495 0.534608
143 1 -0.644337 0.010852 -0.764664 0.674793 -0.462420 -0.575171 -0.359838 -0.886595 0.290632 0.047644 -0.055188 0.593689
144 1 -0.671020 0.051147 -0.739673 0.631830 -0.482577 -0.606556 -0.387972 -0.874359 0.291502 -0.005772 -0.077181 0.638844
145 1 -0.760202 0.017112 -0.649461 0.548535 -0.518769 -0.655735 -0.348141 -0.854743 0.384983 -0.006086 -0.081299 0.673115
146 1 -0.696451 -0.015321 -0.717441 0.625697 -0.502493 -0.596660 -0.351368 -0.864446 0.359548 0.027909 -0.069193 0.670884
147 1 -0.753863 -0.060750 -0.654218 0.599560 -0.470870 -0.647155 -0.268737 -0.880109 0.391394 0.058616 -0.065086 0.640424
148 1 -0.769466 -0.091637 -0.632080 0.586798 -0.492171 -0.642990 -0.252170 -0.865662 0.432481 0.076813 -0.057455 0.632185
149 1 -0.822516 -0.167969 -0.543373 0.553453 -0.456419 -0.696686 -0.130984 -0.873767 0.468375 0.078974 -0.061380 0.636806
150 1 -0.905063 -0.366980 -0.214913 0.385012 -0.492409 -0.780576 0.180631 -0.789214 0.586953 0.083472 0.150165 0.619646
151 1 -0.846009 -0.265285 -0.462484 0.497758 -0.703835 -0.506807 -0.191064 -0.658969 0.727499 0.047421 0.155019 0.648719
152 1 -0.836688 -0.253604 -0.485426 0.527742 -0.610300 -0.590782 -0.146431 -0.750480 0.644468 0.064221 0.139178 0.656238
153 1 -0.889009 -0.151273 -0.432180 0.414096 -0.668424 -0.617846 -0.195416 -0.728235 0.656877 -0.014079 0.141138 0.613969
154 1 -0.857730 -0.044998 -0.512127 0.424388 -0.624215 -0.655935 -0.290162 -0.779956 0.554505 -0.053237 0.056259 0.580112
155 1 -0.893487 -0.092249 -0.439512 0.406326 -0.582855 -0.703690 -0.191257 -0.807323 0.558257 -0.037953 0.056279 0.559064
156 1 -0.911080 -0.124143 -0.393092 0.380869 -0.618314 -0.687478 -0.157709 -0.776064 0.610616 -0.038412 0.061209 0.550921
157 1 -0.896100 -0.213085 -0.389359 0.434221 -0.602622 -0.669551 -0.091965 -0.769053 0.632535 -0.001060 0.049898 0.559652
158 1 -0.967253 -0.235188 -0.095437 0.224109 -0.614862 -0.756122 0.119150 -0.752749 0.647435 -0.017005 0.069379 0.551627
159 1 -0.962321 -0.208663 0.174353 0.012441 -0.674313 -0.738341 0.271633 -0.708351 0.651502 -0.041990 0.097147 0.543073
160 1 -0.969717 -0.174719 -0.170653 0.243820 -0.652030 -0.717920 0.014164 -0.737788 0.674884 -0.085276 0.092245 0.531679
161 1 -0.994962 -0.090960 -0.042151 0.091276 -0.648037 -0.756120 0.041461 -0.756158 0.653074 -0.108925 0.110075 0.528902
162 1 -0.999342 -0.036267 0.000573 0.023648 -0.663427 -0.747867 0.027503 -0.747361 0.663849 -0.110759 0.067590 0.519450
163 1 -0.989434 0.085317 0.117227 -0.144985 -0.586267 -0.797039 0.000726 -0.805613 0.592442 -0.115111 0.024877 0.509517
164 1 -0.987557 0.061116 0.144899 -0.153063 -0.585027 -0.796439 0.036094 -0.808707 0.587103 -0.127451 0.035392 0.505626
165 1 -0.958560 0.150773 0.241722 -0.284889 -0.505555 -0.814403 -0.000587 -0.849519 0.527559 -0.137067 0.015952 0.484965
166 1 -0.962374 0.141803 0.231793 -0.271720 -0.495723 -0.824880 -0.002066 -0.856826 0.515602 -0.123774 0.022672 0.485105
167 1 -0.962505 0.156084 0.221862 -0.268934 -0.442074 -0.855713 -0.035484 -0.883294 0.467475 -0.092026 0.022066 0.474879
168 1 -0.926553 0.214644 0.308914 -0.366985 -0.335483 -0.867625 -0.082595 -0.917267 0.389614 -0.089430 0.012789 0.462903
169 1 -0.882477 0.184620 0.432608 -0.470352 -0.349836 -0.810175 0.001767 -0.918439 0.395559 -0.070946 0.005478 0.447045
170 1 -0.862798 0.187813 0.469368 -0.504150 -0.250602 -0.826457 -0.037595 -0.949697 0.310905 -0.072490 -0.022498 0.447846
171 1 -0.825154 0.172167 0.538032 -0.564598 -0.282867 -0.775381 0.018697 -0.943581 0.330614 -0.073622 -0.048666 0.451825
172 1 -0.879524 0.186480 0.437794 -0.475787 -0.360215 -0.802416 0.008065 -0.914041 0.405542 -0.070512 0.000224 0.457687
173 1 -0.875186 -0.016874 0.483493 -0.356693 -0.652656 -0.668439 0.326833 -0.757466 0.565177 -0.029312 0.059056 0.535353
174 1 -0.861398 0.018721 0.507585 -0.389271 -0.666274 -0.636040 0.326283 -0.745472 0.581215 -0.030074 0.071370 0.536099
175 1 -0.854419 -0.016813 0.519313 -0.390911 -0.637616 -0.663803 0.342283 -0.770171 0.538219 -0.042888 0.068363 0.530543
176 1 -0.856969 -0.035878 0.514118 -0.363515 -0.665058 -0.652345 0.365323 -0.745929 0.556892 -0.045330 0.082149 0.522715
177 1 -0.881113 -0.010142 0.472797 -0.343057 -0.674437 -0.653794 0.325503 -0.738263 0.590776 -0.061318 0.066035 0.519771
178 1 -0.870364 -0.026414 0.491699 -0.358810 -0.649842 -0.670045 0.337226 -0.759610 0.556122 -0.076827 0.033271 0.508568
179 1 -0.854271 -0.005645 0.519798 -0.387354 -0.659937 -0.643770 0.346668 -0.751300 0.561578 -0.093656 0.031468 0.509572
180 1 -0.872023 -0.024958 0.488828 -0.363975 -0.634668 -0.681702 0.327258 -0.772381 0.544362 -0.093592 0.006673 0.488229
181 1 -0.785214 0.048810 0.617297 -0.488105 -0.662225 -0.568517 0.381040 -0.747714 0.543813 -0.097802 0.004363 0.483826
182 1 -0.774385 0.028585 0.632069 -0.483542 -0.671018 -0.562070 0.408063 -0.740890 0.533448 -0.121041 0.004755 0.504138
183 1 -0.913802 -0.070767 0.399949 -0.224710 -0.732185 -0.642970 0.338337 -0.677419 0.653170 -0.129571 0.039444 0.467715
184 1 -0.952617 -0.110782 0.283280 -0.118416 -0.722773 -0.680865 0.280175 -0.682148 0.675408 -0.139485 0.028332 0.421519
185 1 -0.954842 -0.068784 0.289041 -0.168254 -0.676629 -0.716843 0.244881 -0.733104 0.634501 -0.143702 0.008805 0.412340
186 1 -0.983435 -0.046488 0.175199 -0.107678 -0.627691 -0.770980 0.145812 -0.777073 0.612287 -0.113333 -0.042850 0.414374
187 1 -0.986162 0.091291 0.138383 -0.164835 -0.629042 -0.759695 0.017695 -0.771993 0.635385 -0.101824 -0.034023 0.390930
188 1 -0.982884 0.169322 0.072583 -0.155880 -0.554418 -0.817509 -0.098181 -0.814831 0.571323 -0.050881 -0.031320 0.409227
189 1 -0.983848 0.171095 0.052624 -0.137503 -0.534121 -0.834151 -0.114611 -0.827914 0.549019 -0.034002 -0.055151 0.418132
190 1 -0.983717 0.164721 0.071893 -0.153533 -0.562245 -0.812593 -0.093430 -0.810399 0.578380 -0.024841 -0.046418 0.438131
191 1 -0.989055 0.147131 -0.011072 -0.074120 -0.560339 -0.824940 -0.127578 -0.815091 0.565112 -0.016709 -0.066498 0.455721
192 1 -0.986200 0.152864 -0.063586 -0.037945 -0.582534 -0.811920 -0.161154 -0.798302 0.580295 -0.005048 -0.044175 0.477613
193 1 -0.972482 0.130631 -0.192912 0.081184 -0.586120 -0.806147 -0.218378 -0.799624 0.559385 -0.024534 -0.009294 0.481266
194 1 -0.932666 0.272940 -0.235875 -0.040699 -0.729303 -0.682979 -0.358437 -0.627391 0.691305 -0.107250 0.031696 0.493815
195 1 -0.926348 0.282619 -0.249012 -0.080314 -0.794084 -0.602478 -0.368008 -0.538105 0.758296 -0.154784 0.077025 0.531471
196 1 -0.950353 0.299824 -0.083278 -0.192139 -0.775916 -0.600863 -0.244770 -0.555031 0.795002 -0.068382 0.053909 0.588179
197 1 -0.952829 0.293012 -0.079120 -0.204026 -0.811370 -0.547771 -0.224699 -0.505789 0.832879 -0.061787 0.075427 0.597469
198 1 -0.945190 0.319593 -0.066901 -0.218867 -0.772167 -0.596536 -0.242307 -0.549198 0.799793 -0.042193 0.025007 0.615144
199 1 -0.958791 0.264695 -0.103227 -0.158585 -0.800069 -0.578568 -0.235733 -0.538356 0.809076 -0.041793 0.023563 0.617391
200 1 -0.945749 0.297232 -0.131193 -0.159653 -0.776846 -0.609115 -0.282965 -0.555124 0.782156 -0.052054 0.038347 0.610762
201 1 -0.884756 0.286752 -0.367397 0.005343 -0.782020 -0.623231 -0.466025 -0.553370 0.690364 -0.023465 0.063826 0.610409
202 1 -0.775586 0.345592 -0.528235 0.154202 -0.707739 -0.689440 -0.612117 -0.616175 0.495621 -0.053580 0.040481 0.590300
203 1 -0.780204 0.346253 -0.520951 0.176437 -0.677192 -0.714339 -0.600126 -0.649246 0.467257 -0.033520 0.039382 0.585209
204 1 -0.708250 0.384964 -0.591764 0.218230 -0.677795 -0.702118 -0.671385 -0.626415 0.396038 -0.025422 0.078889 0.573554
205 1 -0.725619 0.357844 -0.587729 0.212165 -0.696168 -0.685810 -0.654571 -0.622332 0.429231 -0.035725 0.094101 0.571408
206 1 -0.759603 0.279754 -0.587147 0.298823 -0.651719 -0.697113 -0.577675 -0.704982 0.411451 0.054474 0.101824 0.567015
207 1 -0.815456 0.186988 -0.547783 0.377486 -0.545627 -0.748195 -0.438789 -0.816901 0.374350 0.142162 0.032392 0.588095
208 1 -0.795802 0.207625 -0.568851 0.405097 -0.515709 -0.754944 -0.450106 -0.831226 0.326294 0.123666 0.026060 0.562548
209 1 -0.799776 0.157521 -0.579263 0.469619 -0.436884 -0.767197 -0.373920 -0.885618 0.275434 0.110019 -0.007652 0.528683
210 1 -0.805042 0.127421 -0.579372 0.486837 -0.416153 -0.767989 -0.338965 -0.900322 0.272987 0.132780 0.051452 0.532844
211 1 -0.860131 0.193208 -0.472065 0.358470 -0.429424 -0.828911 -0.362868 -0.882194 0.300102 0.128232 0.058232 0.533647
212 1 -0.881140 0.234873 -0.410399 0.278870 -0.442790 -0.852155 -0.381869 -0.865316 0.324661 0.083770 0.082113 0.523787
213 1 -0.868759 0.146286 -0.473137 0.375448 -0.428467 -0.821860 -0.322950 -0.891637 0.317312 0.011208 0.106525 0.502748
214 1 -0.863989 0.174068 -0.472466 0.364855 -0.430220 -0.825707 -0.346994 -0.885783 0.308196 -0.027785 0.097454 0.490050
215 1 -0.850915 0.183093 -0.492362 0.361765 -0.475348 -0.801979 -0.380880 -0.860536 0.338244 -0.044735 0.096710 0.493630
216 1 -0.866408 0.114274 -0.486085 0.404746 -0.409386 -0.817670 -0.292435 -0.905177 0.308444 -0.043154 0.048219 0.504876
217 1 -0.912441 0.020331 -0.408702 0.376311 -0.350660 -0.857571 -0.160751 -0.936282 0.312306 0.002520 0.057356 0.491225
218 1 -0.906035 -0.004440 -0.423180 0.405520 -0.295137 -0.865129 -0.121055 -0.955445 0.269205 -0.011298 0.024060 0.492629
219 1 -0.914898 -0.093377 -0.392738 0.402504 -0.285393 -0.869794 -0.030866 -0.953851 0.298690 0.034390 0.020617 0.485166
220 1 -0.899566 -0.157642 -0.407346 0.436360 -0.283189 -0.854046 0.019277 -0.946020 0.323535 0.053492 0.027485 0.484555
221 1 -0.974872 -0.217038 -0.050184 0.146568 -0.455280 -0.878201 0.167755 -0.863490 0.475651 0.085197 0.021132 0.492284
222 1 -0.983434 -0.166076 -0.072633 0.130167 -0.368173 -0.920600 0.126148 -0.914805 0.383692 0.080302 0.050309 0.497383
223 1 -0.945807 -0.088129 0.312542 -0.213613 -0.556060 -0.803223 0.244579 -0.826456 0.507100 0.022445 0.040097 0.486709
224 1 -0.938262 -0.009528 0.345795 -0.291585 -0.516063 -0.805392 0.186126 -0.856497 0.481424 0.010411 0.050731 0.481074
225 1 -0.883453 0.047912 0.466063 -0.420618 -0.519283 -0.743926 0.206375 -0.853258 0.478915 0.003729 0.017561 0.467202
226 1 -0.867028 0.012871 0.498092 -0.433763 -0.511400 -0.741835 0.245177 -0.859246 0.448982 -0.008758 -0.004982 0.453286
227 1 -0.850799 0.041838 0.523823 -0.455864 -0.554619 -0.696122 0.261398 -0.831052 0.490942 -0.015898 0.031773 0.443745
228 1 -0.994089 -0.101961 -0.037288 0.088238 -0.558706 -0.824659 0.063250 -0.823075 0.564400 0.003555 0.047982 0.434913
229 1 -0.971533 -0.226574 -0.069197 0.192705 -0.585913 -0.787128 0.137800 -0.778055 0.612896 0.010604 0.059039 0.433928
230 1 -0.964728 -0.166917 0.203565 -0.048213 -0.648169 -0.759969 0.258796 -0.742978 0.617259 -0.068551 0.023978 0.424189
231 1 -0.921453 -0.141196 0.361922 -0.192732 -0.642737 -0.741447 0.337310 -0.752963 0.565039 -0.078118 0.014191 0.414488
232 1 -0.908511 -0.349054 -0.229715 0.364956 -0.395093 -0.843036 0.203506 -0.849743 0.486335 0.056576 0.143607 0.660488
233 1 -0.898056 -0.367053 -0.242419 0.396039 -0.434841 -0.808744 0.191438 -0.822305 0.535879 0.032143 0.160072 0.664810
234 1 -0.917999 -0.362390 -0.161092 0.300244 -0.369698 -0.879305 0.259096 -0.855568 0.448188 0.154743 0.097718 0.637880
235 1 -0.930007 -0.342117 -0.134325 0.259426 -0.352140 -0.899275 0.260356 -0.871179 0.416247 0.142664 0.062021 0.638791
236 1 -0.941273 -0.278941 -0.190254 0.284113 -0.349869 -0.892677 0.182440 -0.894306 0.408573 0.096119 0.025491 0.641272
237 1 -0.952860 -0.182978 -0.242027 0.283432 -0.252124 -0.925257 0.108280 -0.950238 0.292100 0.022179 -0.033933 0.637245
238 1 -0.957860 -0.162666 -0.236738 0.278281 -0.321332 -0.905155 0.071166 -0.932891 0.353058 -0.012015 0.011736 0.642564
239 1 -0.954354 -0.140658 -0.263484 0.298162 -0.396820 -0.868120 0.017552 -0.907055 0.420646 -0.061560 0.086205 0.626050
240 1 -0.968874 -0.136446 -0.206559 0.244900 -0.406392 -0.880266 0.036165 -0.903453 0.427159 -0.058968 0.078248 0.627457
241 1 -0.997223 -0.026352 -0.069650 0.074465 -0.361548 -0.929375 -0.000691 -0.931981 0.362506 -0.051751 0.060528 0.629275
242 1 -0.926312 0.057964 0.372272 -0.361493 -0.415148 -0.834851 0.106157 -0.907906 0.405510 -0.030981 0.032262 0.633065
243 1 -0.917825 0.086160 0.387522 -0.389927 -0.378908 -0.839277 0.074523 -0.921415 0.381367 -0.058278 0.017510 0.633417
244 1 -0.860870 0.176239 0.477328 -0.507532 -0.364238 -0.780860 0.036243 -0.914478 0.403009 -0.093639 -0.025296 0.634751
245 1 -0.816691 0.173430 0.550398 -0.573499 -0.349943 -0.740701 0.064149 -0.920577 0.385257 -0.077236 -0.038644 0.637100
246 1 -0.794939 0.255896 0.550081 -0.604928 -0.265286 -0.750790 -0.046195 -0.929592 0.365685 -0.119977 -0.110059 0.632876
247 1 -0.554181 0.255037 0.792364 -0.831575 -0.211905 -0.513400 0.036970 -0.943426 0.329516 -0.067343 -0.141733 0.639049
248 1 -0.437602 0.292650 0.850212 -0.899145 -0.135596 -0.416114 -0.006491 -0.946557 0.322472 -0.013909 -0.160747 0.642352
249 1 -0.381839 0.288255 0.878128 -0.923526 -0.081946 -0.374680 -0.036044 -0.954041 0.297501 0.065692 -0.145271 0.628986
250 1 -0.361092 0.302517 0.882097 -0.929654 -0.042538 -0.365971 -0.073190 -0.952194 0.296597 0.086411 -0.142872 0.628081
251 1 -0.359873 0.295690 0.884906 -0.930514 -0.044544 -0.363537 -0.068078 -0.954245 0.291174 0.079412 -0.161593 0.627683
252 1 -0.321889 0.286351 0.902436 -0.945638 -0.050488 -0.321279 -0.046436 -0.956794 0.287036 0.073850 -0.180625 0.624112
253 1 -0.558806 0.234254 0.795526 -0.825634 -0.067064 -0.560206 -0.077879 -0.969860 0.230884 0.084074 -0.143741 0.621032
254 1 -0.540884 0.235680 0.807403 -0.838529 -0.226065 -0.495747 0.065687 -0.945172 0.319899 0.118772 -0.055626 0.610769
255 1 -0.509939 0.196685 0.837423 -0.848188 -0.277155 -0.451400 0.143312 -0.940479 0.308158 0.122038 -0.079312 0.616184
256 1 -0.622500 0.175252 0.762746 -0.756965 -0.382321 -0.529938 0.198741 -0.907258 0.370654 0.071811 -0.092803 0.619119
257 1 -0.922558 0.060431 0.381097 -0.373299 -0.389719 -0.841883 0.097645 -0.918949 0.382097 -0.056077 -0.126260 0.624898
258 1 -0.928563 0.037817 0.369242 -0.351615 -0.408282 -0.842421 0.118897 -0.912072 0.392413 -0.093739 -0.140942 0.631778
259 1 -0.918938 0.034909 0.392853 -0.372878 -0.401448 -0.836541 0.128507 -0.915216 0.381923 -0.044195 -0.117658 0.624577
260 1 -0.845048 0.017371 0.534408 -0.503288 -0.363315 -0.784030 0.180539 -0.931505 0.315761 0.031811 -0.145820 0.597257
261 1 -0.892770 0.077902 0.443726 -0.414324 -0.528743 -0.740787 0.176908 -0.845199 0.504323 -0.062000 -0.042567 0.668121
262 1 -0.906111 0.066393 0.417799 -0.388145 -0.523257 -0.758647 0.168247 -0.849585 0.499899 -0.061230 -0.025634 0.674694
263 1 -0.912827 -0.005831 0.408304 -0.329322 -0.580691 -0.744544 0.241439 -0.814103 0.528150 -0.019663 0.010632 0.669528
264 1 -0.878591 -0.083759 0.470173 -0.322163 -0.622813 -0.712962 0.352547 -0.777875 0.520213 0.029224 0.046794 0.658538
265 1 -0.853380 -0.179169 0.489532 -0.244825 -0.691313 -0.679813 0.460221 -0.699989 0.546088 0.066623 0.073846 0.646721
266 1 -0.851738 -0.181982 0.491350 -0.246548 -0.688253 -0.682291 0.462338 -0.702275 0.541345 0.084658 0.083891 0.637013
267 1 -0.848339 -0.226161 0.478720 -0.183084 -0.723088 -0.666051 0.496791 -0.652682 0.572018 0.118753 0.105062 0.620809
268 1 -0.846634 -0.230157 0.479832 -0.195684 -0.703838 -0.682876 0.494893 -0.672041 0.550855 0.121734 0.106866 0.619112
269 1 -0.862266 -0.204960 0.463129 -0.194035 -0.710984 -0.675909 0.467812 -0.672676 0.573288 0.081998 0.091163 0.622321
270 1 -0.928667 -0.170531 0.329387 -0.127275 -0.687618 -0.714831 0.348393 -0.705763 0.616864 -0.005037 0.053415 0.626113
271 1 -0.885366 -0.193193 0.422851 -0.170077 -0.711909 -0.681365 0.432667 -0.675175 0.597443 0.015260 0.070465 0.616715
272 1 -0.921072 -0.167229 0.351654 -0.132411 -0.714758 -0.686723 0.366188 -0.679084 0.636201 -0.028315 0.054565 0.616195
273 1 -0.872888 -0.284969 0.396054 -0.073375 -0.725822 -0.683958 0.482371 -0.626079 0.612652 0.045901 0.091618 0.582761
274 1 -0.881699 -0.287760 0.373900 -0.058504 -0.719680 -0.691837 0.468171 -0.631867 0.617706 0.048287 0.092398 0.580958
275 1 -0.907701 -0.264166 0.326031 -0.046762 -0.708450 -0.704210 0.417005 -0.654458 0.630708 0.001357 0.073638 0.582697
276 1 -0.902006 -0.256176 0.347503 -0.080886 -0.690387 -0.718904 0.424078 -0.676564 0.602013 0.017650 0.030069 0.581726
277 1 -0.896256 -0.253982 0.363619 -0.094735 -0.691278 -0.716352 0.433302 -0.676482 0.595501 0.017552 0.030986 0.580433
278 1 -0.897868 -0.241416 0.368174 -0.102588 -0.698514 -0.708205 0.428146 -0.673645 0.602406 0.012536 0.043802 0.587136
279 1 -0.907981 -0.221088 0.355937 -0.088745 -0.728727 -0.679030 0.409506 -0.648134 0.642049 -0.006242 0.087938 0.606614
280 1 -0.935927 -0.165057 0.311123 -0.066472 -0.784722 -0.616273 0.345865 -0.597468 0.723470 -0.037454 0.154006 0.632225
281 1 -0.926887 -0.162163 0.338503 -0.081061 -0.794086 -0.602376 0.366483 -0.585774 0.722882 -0.036238 0.154120 0.632981
282 1 -0.931196 -0.177674 0.318285 -0.056129 -0.792862 -0.606811 0.360170 -0.582925 0.728338 -0.037626 0.153634 0.632392
283 1 -0.931935 -0.195033 0.305711 -0.036020 -0.789092 -0.613217 0.360832 -0.582491 0.728358 -0.050392 0.157911 0.636256
284 1 -0.951328 -0.203886 0.231095 0.022800 -0.794381 -0.606992 0.307334 -0.572180 0.760366 -0.079955 0.168256 0.641231
285 1 -0.993345 -0.054219 0.101616 -0.061530 -0.496004 -0.866138 0.097363 -0.866626 0.489367 -0.176977 -0.124668 0.699783
286 1 -0.993511 -0.056835 0.098513 -0.062720 -0.448775 -0.891441 0.094875 -0.891836 0.442299 -0.087450 -0.129603 0.674636
287 1 -0.963256 -0.028663 0.267050 -0.226041 -0.450500 -0.863687 0.145062 -0.892316 0.427468 -0.035383 -0.153278 0.655494
288 1 -0.954775 -0.029686 0.295844 -0.256771 -0.419354 -0.870753 0.149913 -0.907337 0.392766 -0.011095 -0.161246 0.647358
289 1 -0.948084 -0.064657 0.311377 -0.258258 -0.414821 -0.872483 0.185578 -0.907603 0.376587 -0.003772 -0.163020 0.643116
290 1 -0.947116 -0.018321 0.320369 -0.281018 -0.434641 -0.855638 0.154922 -0.900418 0.406506 0.007197 -0.166804 0.639598
291 1 -0.949240 -0.031685 0.312954 -0.269408 -0.431664 -0.860863 0.162367 -0.901478 0.401216 -0.004607 -0.163211 0.644705
292 1 -0.975570 -0.042798 0.215482 -0.168508 -0.483550 -0.858944 0.140957 -0.874270 0.464525 -0.049688 -0.147737 0.662497
293 1 -0.968003 0.047154 0.246469 -0.243620 -0.412076 -0.877977 0.060164 -0.909929 0.410378 -0.112183 -0.182714 0.669972
294 1 -0.955982 0.066667 0.285751 -0.287942 -0.400514 -0.869873 0.056455 -0.913862 0.402080 -0.149405 -0.199148 0.673636
295 1 -0.958111 0.047595 0.282415 -0.276410 -0.411813 -0.868336 0.074974 -0.910025 0.407718 -0.116493 -0.186235 0.668477
296 1 -0.911309 0.014279 0.411476 -0.383933 -0.390415 -0.836762 0.148699 -0.920528 0.361271 -0.025266 -0.148875 0.647037
297 1 -0.909877 0.070831 0.408786 -0.406461 -0.349642 -0.844121 0.083139 -0.934202 0.346921 0.013147 -0.160300 0.634825
298 1 -0.918548 0.118972 0.376982 -0.391933 -0.398457 -0.829229 0.051556 -0.909438 0.412631 -0.007628 -0.125474 0.664887
299 1 -0.908844 0.173894 0.379161 -0.413635 -0.493208 -0.765279 0.053928 -0.852353 0.520179 -0.069662 -0.033409 0.728345
300 1 -0.914996 0.177937 0.362105 -0.402117 -0.475411 -0.782487 0.032915 -0.861582 0.506551 -0.052983 -0.056210 0.713849
301 1 -0.904208 0.182949 0.385923 -0.421193 -0.531638 -0.734818 0.070738 -0.826977 0.557768 -0.073413 -0.010154 0.719060
302 1 -0.904819 0.208786 0.371094 -0.425691 -0.424238 -0.799255 -0.009441 -0.881153 0.472737 -0.124971 -0.103187 0.695660
303 1 -0.899946 0.226969 0.372266 -0.434542 -0.397126 -0.808371 -0.035638 -0.889256 0.456019 -0.143224 -0.111061 0.687259
304 1 -0.925425 0.202029 0.320582 -0.378012 -0.433346 -0.818119 -0.026361 -0.878291 0.477398 -0.154892 -0.119459 0.688226
305 1 -0.809408 0.235000 0.538176 -0.584969 -0.403276 -0.703690 0.051666 -0.884389 0.463883 -0.024866 -0.000732 0.675922
306 1 -0.686856 0.255960 0.680231 -0.706887 -0.452819 -0.543383 0.168937 -0.854072 0.491956 0.039866 0.077747 0.656671
307 1 -0.680389 0.260013 0.685174 -0.709797 -0.466465 -0.527824 0.182369 -0.845460 0.501935 0.072573 0.092365 0.638998
308 1 -0.688047 -0.068643 -0.722413 0.715175 0.104525 -0.691085 0.122949 -0.992150 -0.022827 -0.059842 0.031547 0.362996
309 1 -0.248578 -0.120664 -0.961067 0.960768 0.095297 -0.260466 0.123016 -0.988109 0.092241 -0.055812 0.051115 0.396088
310 1 -0.762364 -0.130715 -0.633809 0.626276 0.097707 -0.773454 0.163030 -0.986594 0.007375 -0.056898 0.024390 0.366383
311 1 -0.642379 -0.138715 -0.753729 0.752773 0.070346 -0.654511 0.143813 -0.987831 0.059232 -0.026098 -0.039169 0.360035
312 1 -0.722947 -0.178099 -0.667554 0.661819 0.098874 -0.743115 0.198351 -0.979033 0.046389 0.030370 -0.048581 0.388903
313 1 -0.756074 -0.228069 -0.613463 0.616204 0.067810 -0.784662 0.220556 -0.971281 0.089268 0.076758 -0.048813 0.417088
314 1 -0.621230 -0.140822 -0.770871 0.773385 0.048356 -0.632090 0.126288 -0.988853 0.078869 0.014334 -0.039678 0.387024
315 1 -0.336196 -0.173046 -0.925758 0.927552 0.109449 -0.357306 0.163154 -0.978813 0.123713 -0.014326 0.002568 0.384798
316 1 -0.320914 -0.164743 -0.932671 0.945201 0.006758 -0.326419 0.060078 -0.986313 0.153546 0.010955 0.072172 0.487940
317 1 -0.269306 -0.205489 -0.940876 0.959121 0.030986 -0.281296 0.086957 -0.978169 0.188744 0.010541 0.079479 0.492673
318 1 -0.325908 -0.214722 -0.920694 0.943900 -0.019049 -0.329680 0.053251 -0.976490 0.208884 0.008258 0.072202 0.487734
319 1 -0.328113 -0.175391 -0.928213 0.918280 0.171279 -0.356966 0.221592 -0.969485 0.104859 -0.016767 0.002418 0.378706
320 1 -0.600660 -0.177900 -0.779461 0.772654 0.121375 -0.623116 0.205460 -0.976535 0.064550 0.045330 -0.048593 0.359033
321 1 -0.889142 -0.186855 -0.417745 0.402434 0.115356 -0.908152 0.217882 -0.975591 -0.027371 0.069693 -0.068595 0.351674
322 1 -0.843418 -0.254310 -0.473258 0.450707 0.144532 -0.880894 0.292421 -0.956262 -0.007281 0.117522 -0.078853 0.368261
323 1 -0.836818 -0.154988 -0.525084 0.500103 0.173879 -0.848330 0.222782 -0.972494 -0.067995 0.105077 -0.077965 0.365707
324 1 -0.858463 -0.110879 -0.500747 0.482200 0.158105 -0.861676 0.174713 -0.981177 -0.082261 0.037972 -0.045283 0.350131
325 1 -0.771971 -0.095806 -0.628397 0.625633 0.060361 -0.777778 0.112447 -0.993568 0.013343 0.036700 0.006004 0.379498
326 1 -0.770211 -0.075376 -0.633319 0.637149 -0.046436 -0.769341 0.028581 -0.996073 0.083791 0.001898 0.067377 0.382247
327 1 -0.845168 -0.056869 -0.531467 0.529763 0.042984 -0.847056 0.071016 -0.997456 -0.006202 -0.030396 0.073668 0.369397
328 1 -0.791059 -0.030556 -0.610976 0.611204 -0.081282 -0.787289 -0.025605 -0.996223 0.082975 0.017561 0.080122 0.403004
329 1 -0.858635 -0.080622 -0.506207 0.509703 -0.029684 -0.859838 0.054296 -0.996303 0.066581 0.088193 0.012791 0.379262
330 1 -0.897590 -0.022392 -0.440261 0.440357 -0.091824 -0.893115 -0.020428 -0.995523 0.092280 0.082518 -0.019536 0.331050
