2100 3 -0.585056 -0.805654 0.092908 -0.691144 0.435376 -0.576860 0.424299 -0.401708 -0.811542 -0.054787 -0.010123 0.587995
2101 3 -0.603275 -0.791501 0.097907 -0.683917 0.450268 -0.574036 0.410266 -0.413261 -0.812956 -0.055732 -0.011105 0.588656
2102 3 -0.482241 -0.856874 0.182238 -0.807388 0.354001 -0.472026 0.339954 -0.374767 -0.862543 -0.036291 -0.023075 0.584134
2103 3 -0.243083 -0.915245 0.321305 -0.922152 0.115289 -0.369248 0.300909 -0.386050 -0.872020 -0.006012 -0.039318 0.588509
2104 3 0.491678 -0.732457 0.470913 -0.826977 -0.562130 -0.010894 0.272694 -0.384078 -0.882112 0.102383 -0.030177 0.582839
2105 3 0.801297 -0.543446 0.250178 -0.596581 -0.757194 0.265987 0.044884 -0.362386 -0.930947 0.151400 0.004716 0.581703
2106 3 0.819728 -0.522691 0.234179 -0.571153 -0.776523 0.266074 0.042771 -0.351861 -0.935075 0.141450 0.035813 0.578198
2107 3 0.762460 -0.528089 0.373869 -0.605093 -0.786607 0.122932 0.229169 -0.319956 -0.919298 0.135661 0.051810 0.574798
2108 3 0.695152 -0.579996 0.424697 -0.679613 -0.722788 0.125315 0.234284 -0.375743 -0.896620 0.167495 -0.060687 0.580242
2109 3 0.753235 -0.581719 0.306987 -0.657181 -0.685027 0.314406 0.027399 -0.438567 -0.898281 0.228170 -0.043642 0.578999
2110 3 0.668900 -0.604842 0.432133 -0.713778 -0.684953 0.146153 0.207592 -0.406208 -0.889888 0.133592 -0.042440 0.589448
2111 3 -0.338760 -0.884858 0.319795 -0.019163 -0.333332 -0.942615 0.940678 -0.325448 0.095963 0.040981 -0.089770 0.581458
2112 3 -0.331255 -0.898989 0.286512 -0.564860 -0.054284 -0.823399 0.755779 -0.434595 -0.489821 -0.039999 -0.070706 0.581035
2113 3 -0.335089 -0.786427 -0.518891 0.195389 0.480755 -0.854808 0.921704 -0.387823 -0.007436 -0.109568 -0.026867 0.591312
2114 3 -0.784200 -0.620476 -0.006327 -0.515572 0.657221 -0.549769 0.345277 -0.427866 -0.835293 -0.139059 0.018368 0.588426
2115 3 -0.733648 -0.677106 0.057342 -0.597694 0.602845 -0.528525 0.323299 -0.422025 -0.846979 -0.097980 0.003104 0.594040
2116 3 -0.681684 -0.731050 -0.029542 -0.557587 0.545230 -0.625955 0.473712 -0.410232 -0.779299 -0.060667 -0.009869 0.597688
2117 3 -0.772992 -0.632005 0.055254 -0.564575 0.645555 -0.514309 0.289376 -0.428752 -0.855823 -0.133644 0.015976 0.589420
2118 3 -0.757758 -0.631469 0.164471 -0.596747 0.568627 -0.566177 0.264000 -0.527172 -0.807709 -0.185533 0.033935 0.577183
2119 3 -0.707495 -0.706319 -0.023777 -0.495950 0.520182 -0.695302 0.503473 -0.480130 -0.718324 -0.146179 0.017136 0.577795
2120 3 0.586858 -0.706711 -0.395168 0.801492 0.576307 0.159629 0.114926 -0.410403 0.904633 -0.097215 -0.091636 0.534538
2121 3 0.655737 -0.743633 -0.130459 0.680181 0.506884 0.529550 -0.327663 -0.435981 0.838187 -0.068432 -0.077520 0.540091
2122 3 -0.469989 -0.855336 -0.217972 -0.320558 0.395483 -0.860718 0.822407 -0.334655 -0.460057 0.044821 -0.059394 0.531064
2123 3 0.586760 -0.783699 -0.203787 0.719871 0.389595 0.574457 -0.370807 -0.483769 0.792761 -0.009174 -0.034610 0.534877
2124 3 -0.531666 -0.846289 0.033555 -0.717300 0.428857 -0.549148 0.450348 -0.316032 -0.835051 0.076418 0.014898 0.538058
2125 3 -0.405753 -0.842898 -0.353394 -0.119688 0.432325 -0.893739 0.906112 -0.320340 -0.276302 0.093556 0.006782 0.530972
2126 3 -0.123887 -0.829638 -0.544383 0.488913 0.426362 -0.761038 0.863490 -0.360439 0.352800 0.093503 0.007286 0.529297
2127 3 -0.690644 -0.722042 -0.040806 -0.557639 0.567620 -0.605678 0.460487 -0.395553 -0.794663 -0.081125 -0.006359 0.495391
2128 3 -0.678252 -0.732297 0.060953 -0.636475 0.543990 -0.546786 0.367252 -0.409654 -0.835051 -0.044620 -0.001339 0.493276
2129 3 -0.536741 -0.837670 0.101087 -0.716294 0.389064 -0.579268 0.445906 -0.383325 -0.808845 -0.020789 -0.014812 0.491309
2130 3 -0.849030 -0.522894 -0.075696 -0.433409 0.771225 -0.466227 0.302166 -0.363034 -0.881421 -0.066225 0.031824 0.493664
2131 3 -0.875749 -0.453668 -0.165070 -0.351911 0.833971 -0.425031 0.330487 -0.314130 -0.890000 -0.038456 0.025201 0.482844
2132 3 -0.908989 -0.337438 -0.244693 -0.228549 0.894421 -0.384416 0.348575 -0.293506 -0.890140 -0.051379 0.033592 0.484110
2133 3 -0.834851 -0.491967 -0.246966 -0.327863 0.804772 -0.494821 0.442187 -0.332131 -0.833163 0.011812 0.010459 0.505274
2134 3 -0.828207 -0.539274 -0.152499 -0.407881 0.766642 -0.495876 0.384325 -0.348487 -0.854898 0.037379 0.001718 0.511824
2135 3 -0.851057 -0.493909 -0.178199 -0.292888 0.728225 -0.619601 0.435796 -0.475124 -0.764421 0.041442 0.131351 0.559182
2136 3 -0.807466 -0.494762 -0.321263 -0.000601 0.545283 -0.838252 0.589914 -0.676667 -0.440594 0.015527 0.165264 0.559570
2137 3 -0.796588 -0.543477 -0.264726 -0.327623 0.756142 -0.566491 0.508046 -0.364530 -0.780389 0.094188 0.073948 0.552755
2138 3 -0.758635 -0.497054 -0.421200 -0.221163 0.804577 -0.551129 0.612829 -0.324952 -0.720310 0.177226 0.085258 0.545156
2139 3 -0.751514 -0.525536 -0.398796 -0.202531 0.759093 -0.618676 0.627859 -0.384175 -0.676906 0.146157 0.115941 0.543499
2140 3 -0.771609 -0.492134 -0.403019 -0.219487 0.800656 -0.557472 0.597030 -0.341692 -0.725811 0.119053 0.081614 0.525887
2141 3 -0.775057 -0.532906 -0.339555 -0.403392 0.830896 -0.383258 0.486375 -0.160073 -0.858962 0.101056 -0.087497 0.448486
2142 3 -0.711487 -0.534437 -0.456249 -0.320754 0.824693 -0.465830 0.625223 -0.185089 -0.758181 0.165971 -0.034928 0.450845
2143 3 -0.794201 -0.529663 -0.297829 -0.336614 0.791539 -0.510055 0.505900 -0.304833 -0.806934 0.087345 0.010375 0.483937
2144 3 -0.867802 -0.479832 -0.129158 -0.371493 0.799100 -0.472686 0.330020 -0.362217 -0.871714 -0.014033 0.041156 0.508972
2145 3 -0.918352 -0.391926 -0.054986 -0.315917 0.809645 -0.494643 0.238383 -0.436886 -0.867355 -0.098417 0.056109 0.500884
2146 3 -0.883786 -0.444281 -0.146751 -0.326206 0.809920 -0.487463 0.335427 -0.382942 -0.860723 -0.018959 0.029304 0.513030
2147 3 -0.864824 -0.472237 -0.170502 -0.324278 0.784636 -0.528384 0.383305 -0.401669 -0.831709 -0.025200 0.023865 0.509914
2148 3 -0.953429 -0.246056 -0.174441 -0.148955 0.887020 -0.437044 0.262270 -0.390707 -0.882362 -0.021223 -0.051608 0.479713
2149 3 -0.881288 -0.469203 -0.056390 -0.396112 0.798487 -0.453337 0.257734 -0.377183 -0.889554 -0.018878 -0.019584 0.490198
2150 3 -0.898428 -0.438961 0.011825 -0.391832 0.789230 -0.472847 0.198229 -0.429452 -0.881065 -0.126854 0.013174 0.485338
2151 3 -0.787735 -0.535041 0.305293 -0.614392 0.646453 -0.452350 0.044668 -0.543902 -0.837959 -0.171008 0.049033 0.475829
2152 3 -0.795376 -0.527533 0.298474 -0.605690 0.673301 -0.424034 0.022729 -0.518049 -0.855049 -0.146861 0.022623 0.480162
2153 3 -0.785856 -0.526796 0.323907 -0.615307 0.613688 -0.494756 0.061857 -0.588110 -0.806412 -0.182104 0.064894 0.472015
2154 3 -0.798498 -0.580529 0.159333 -0.585403 0.687077 -0.430382 0.140375 -0.436933 -0.888473 -0.068371 0.000836 0.493218
2155 3 -0.793253 -0.608812 0.009855 -0.526287 0.677407 -0.513947 0.306222 -0.412877 -0.857765 -0.005119 0.055129 0.505803
2156 3 -0.766437 -0.641766 -0.026669 -0.523458 0.648131 -0.553098 0.372245 -0.409954 -0.832689 0.050693 0.101164 0.506897
2157 3 -0.589565 -0.713868 -0.377897 -0.212566 0.588490 -0.780061 0.779249 -0.379569 -0.498697 0.112284 0.078255 0.514939
2158 3 -0.584548 -0.811108 -0.020181 -0.444892 0.341226 -0.828032 0.678509 -0.475046 -0.560318 0.129752 0.174022 0.543205
2159 3 -0.673986 -0.732057 0.099171 -0.530876 0.386603 -0.754127 0.513725 -0.560919 -0.649197 0.031569 0.202654 0.540160
2160 3 -0.550194 0.828659 0.103006 0.638914 0.497181 -0.587027 -0.537658 -0.257167 -0.802988 -0.096375 0.191480 0.580683
2161 3 0.601692 -0.795019 -0.076892 0.680225 0.459584 0.571031 -0.418642 -0.395888 0.817319 0.028036 -0.045168 0.507451
2162 3 0.480642 -0.838696 -0.256069 0.858242 0.389962 0.333691 -0.180008 -0.380156 0.907237 0.077967 -0.026348 0.494917
2163 3 0.614615 -0.757171 -0.221225 0.766594 0.507208 0.393794 -0.185962 -0.411621 0.892180 -0.061971 -0.060953 0.477183
2164 3 0.561163 -0.826475 -0.045112 0.688577 0.435901 0.579527 -0.459300 -0.356272 0.813703 0.018892 -0.051495 0.494139
2165 3 0.565968 -0.794699 -0.219394 0.715955 0.341833 0.608736 -0.408765 -0.501601 0.762435 -0.041214 0.047121 0.534799
2166 3 -0.413634 -0.794574 -0.444477 0.243494 0.373869 -0.894948 0.877279 -0.478408 0.038829 -0.071662 0.048874 0.530841
2167 3 0.572804 -0.785459 -0.234415 0.750151 0.387040 0.536166 -0.330408 -0.482964 0.810910 -0.012540 0.014558 0.535188
2168 3 0.564286 -0.792295 -0.232058 0.751541 0.376627 0.541607 -0.341713 -0.480022 0.807967 -0.061720 0.017977 0.528685
2169 3 0.574983 -0.783642 -0.235158 0.742866 0.379594 0.551415 -0.342848 -0.491745 0.800401 -0.060896 0.017732 0.528493
2170 3 0.642982 -0.704287 -0.300922 0.743179 0.478790 0.467381 -0.185092 -0.524156 0.831265 -0.182180 -0.000991 0.510318
2171 3 -0.437874 -0.750243 -0.495381 0.159720 0.477331 -0.864086 0.884735 -0.457483 -0.089182 -0.098431 0.032046 0.509131
2172 3 0.703370 -0.705191 -0.089313 0.659411 0.600408 0.452425 -0.265422 -0.377116 0.887319 -0.044120 0.061111 0.511606
2173 3 0.563258 -0.823041 -0.073098 0.687188 0.417482 0.594542 -0.458816 -0.385113 0.800735 0.045484 -0.039769 0.501634
2174 3 0.481136 -0.840843 -0.247974 0.857760 0.393145 0.331187 -0.180986 -0.372049 0.910398 0.075129 -0.026208 0.493559
2175 3 0.609886 -0.727153 -0.315099 0.791052 0.534657 0.297286 -0.047703 -0.430570 0.901296 -0.066653 -0.060460 0.476466
2176 3 0.566017 -0.822252 -0.059388 0.663198 0.411368 0.625255 -0.489687 -0.393291 0.778157 0.017019 -0.049147 0.494426
2177 3 0.584975 -0.770565 -0.253051 0.720982 0.351153 0.597391 -0.371469 -0.531904 0.760979 -0.044907 0.048602 0.532755
2178 3 0.567228 -0.787324 -0.241605 0.718480 0.329688 0.612448 -0.402541 -0.520986 0.752685 -0.075336 0.050642 0.529316
2179 3 0.535317 -0.813747 -0.226388 0.753940 0.339507 0.562414 -0.380803 -0.471753 0.795260 0.001987 0.106935 0.537980
2180 3 0.567812 -0.782960 -0.254095 0.761934 0.383092 0.522205 -0.311524 -0.490117 0.814087 -0.015880 0.015446 0.535646
2181 3 0.598926 -0.758877 -0.255721 0.734786 0.393813 0.552268 -0.318397 -0.518668 0.793478 -0.064303 0.017907 0.528642
2182 3 0.576153 -0.735082 -0.357355 0.808577 0.448752 0.380558 -0.119378 -0.508209 0.852920 -0.119954 0.010695 0.513941
2183 3 0.621132 -0.666817 -0.411766 0.776043 0.450027 0.441852 -0.109329 -0.593996 0.797004 -0.182545 0.003932 0.509062
2184 3 0.609518 -0.736243 -0.293996 0.777439 0.482525 0.403432 -0.155164 -0.474463 0.866492 -0.102236 0.031049 0.506337
2185 3 0.692289 -0.711867 -0.118243 0.685631 0.597770 0.415428 -0.225047 -0.368667 0.901908 -0.047359 0.061427 0.509288
2186 3 -0.682423 0.712047 -0.165194 0.688469 0.550198 -0.472537 -0.245580 -0.436201 -0.865690 0.200442 0.049113 0.571645
2187 3 -0.679255 0.722074 -0.131230 0.675105 0.544638 -0.497596 -0.287828 -0.426589 -0.857425 0.145354 0.143217 0.609728
2188 3 -0.688718 0.714593 -0.122576 0.672314 0.566162 -0.476922 -0.271407 -0.410874 -0.870357 0.149164 0.131908 0.612043
2189 3 -0.725830 0.675922 -0.127672 0.662737 0.637438 -0.393003 -0.184257 -0.369867 -0.910631 0.194296 0.039493 0.605000
2190 3 -0.741135 0.664847 -0.093262 0.618853 0.622697 -0.478822 -0.260269 -0.412587 -0.872944 0.225144 0.053137 0.598081
2191 3 -0.801531 0.589609 -0.099544 0.577086 0.719169 -0.386998 -0.156589 -0.367637 -0.916691 0.200715 0.057874 0.606356
2192 3 -0.776642 0.628029 -0.049050 0.581294 0.684485 -0.439974 -0.242743 -0.370214 -0.896670 0.211679 0.049396 0.612067
2193 3 -0.738917 0.661469 -0.128299 0.647765 0.644956 -0.405503 -0.185481 -0.382740 -0.905045 0.200423 0.042998 0.607135
2194 3 -0.715524 0.695603 -0.064504 0.667720 0.653843 -0.355864 -0.205365 -0.297701 -0.932309 0.163363 0.007071 0.589608
2195 3 -0.695794 0.664043 -0.273712 0.691210 0.722643 -0.003923 0.195191 -0.191922 -0.961804 0.123647 -0.093063 0.536046
2196 3 -0.696531 0.715569 0.052963 0.663211 0.670221 -0.333098 -0.273852 -0.196888 -0.941403 0.122479 -0.083933 0.538415
2197 3 -0.705854 0.675186 -0.214229 0.692221 0.721658 -0.006321 0.150332 -0.152756 -0.976763 0.125580 -0.092489 0.534901
2198 3 0.077848 0.879290 0.469881 -0.327027 0.467756 -0.821132 -0.941803 -0.089740 0.323965 -0.175530 -0.095857 0.496483
2199 3 0.031957 0.829342 0.557827 -0.382143 0.525846 -0.759903 -0.923551 -0.188885 0.333731 -0.137467 -0.115756 0.524761
2200 3 0.000385 0.865293 0.501265 -0.546829 0.419864 -0.724356 -0.837244 -0.273828 0.473330 -0.104689 0.015819 0.602157
2201 3 -0.003588 0.862558 0.505945 -0.649237 0.382806 -0.657230 -0.760578 -0.330836 0.558631 -0.075125 0.082893 0.638059
2202 3 -0.060900 0.833504 0.549147 -0.305251 0.508257 -0.805293 -0.950323 -0.216670 0.223475 -0.097879 -0.017826 0.594912
2203 3 0.042953 0.875803 0.480753 -0.383294 0.458822 -0.801604 -0.922627 -0.149839 0.355397 -0.145642 -0.024502 0.561477
2204 3 0.154169 0.895174 0.418204 -0.342047 0.445447 -0.827394 -0.926950 -0.015487 0.374865 -0.217620 0.045163 0.571404
2205 3 -0.653506 0.746831 -0.123179 0.750906 0.660146 0.018637 0.095235 -0.080316 -0.992209 -0.192996 -0.015502 0.575657
2206 3 0.386306 0.612017 0.690075 -0.402181 0.785052 -0.471109 -0.830072 -0.095542 0.549411 -0.170550 -0.068069 0.578360
2207 3 0.339499 0.582529 0.738513 -0.283674 0.811998 -0.510086 -0.896811 -0.036323 0.440921 -0.210179 -0.113208 0.559807
2208 3 0.509036 0.440785 0.739318 -0.334247 0.892748 -0.302125 -0.793197 -0.093322 0.601772 -0.169597 -0.134105 0.579294
2209 3 0.216786 0.500479 0.838167 -0.204041 0.862851 -0.462445 -0.954658 -0.070769 0.289172 -0.096640 -0.134650 0.575616
2210 3 0.173787 0.548314 0.818016 -0.337609 0.813490 -0.473556 -0.925105 -0.193871 0.326490 -0.001954 -0.132635 0.565856
2211 3 -0.587298 -0.264369 -0.764977 0.121280 0.905735 -0.406123 0.800233 -0.331292 -0.499874 0.145844 -0.026353 0.306861
2212 3 -0.557436 0.755833 0.343484 0.065099 0.452246 -0.889514 -0.827664 -0.473487 -0.301303 0.049502 0.026893 0.368339
2213 3 -0.544141 0.755207 0.365477 0.076130 0.478260 -0.874912 -0.835533 -0.448252 -0.317734 0.074068 0.036186 0.376103
2214 3 -0.646159 0.730012 0.222623 0.242693 0.473093 -0.846925 -0.723587 -0.493220 -0.482863 0.109909 0.068427 0.400446
2215 3 -0.624851 0.713419 0.317168 0.041452 0.435979 -0.899001 -0.779643 -0.548594 -0.301995 0.108172 0.073739 0.404930
2216 3 -0.536058 0.766414 0.353908 -0.028761 0.402408 -0.915009 -0.843691 -0.500677 -0.193671 0.054342 0.053261 0.388802
2217 3 -0.596578 0.753625 0.275943 -0.035515 0.318703 -0.947189 -0.801769 -0.574872 -0.163366 0.066034 0.079970 0.429141
2218 3 -0.447940 0.779832 0.437279 -0.259499 0.354635 -0.898273 -0.855576 -0.515845 0.043510 0.085388 0.164931 0.516566
2219 3 -0.567529 0.763860 0.307293 -0.030275 0.353609 -0.934903 -0.822797 -0.539888 -0.177557 0.072659 0.096572 0.443727
2220 3 -0.544332 0.700201 0.461974 -0.111884 0.485191 -0.867221 -0.831375 -0.523744 -0.185764 0.072950 0.104181 0.452434
2221 3 -0.373024 0.531111 0.760772 -0.386381 0.656551 -0.647804 -0.843542 -0.535594 -0.039698 0.016812 0.117474 0.497711
2222 3 -0.504052 0.545942 0.669238 -0.247454 0.651100 -0.717520 -0.827465 -0.527273 -0.193093 0.025049 0.080248 0.505229
2223 3 -0.474056 0.613814 0.631272 -0.254535 0.590806 -0.765611 -0.842902 -0.523623 -0.123837 -0.015878 0.081516 0.533211
2224 3 -0.940131 0.294771 0.171067 0.256438 0.942430 -0.214628 -0.224485 -0.157911 -0.961598 -0.163443 0.001170 0.583294
2225 3 -0.952716 0.283260 0.109983 0.259831 0.947087 -0.188450 -0.157543 -0.150962 -0.975905 -0.154257 -0.003180 0.574519
2226 3 -0.926481 0.312447 0.209787 0.283207 0.945936 -0.158108 -0.247846 -0.087071 -0.964879 -0.223203 -0.039055 0.548196
2227 3 -0.961672 0.272750 0.028175 0.262540 0.945549 -0.192381 -0.079113 -0.177611 -0.980916 -0.120414 0.014974 0.583512
2228 3 -0.963511 0.261870 0.055421 0.253230 0.958866 -0.128258 -0.086728 -0.109544 -0.990191 -0.094835 -0.023088 0.582775
2229 3 -0.964316 0.236833 -0.118341 0.246744 0.965982 -0.077431 0.095977 -0.103868 -0.989949 -0.029574 -0.035851 0.547308
2230 3 -0.989452 0.129666 -0.064581 0.136262 0.984415 -0.111177 0.049158 -0.118805 -0.991700 0.031597 0.016702 0.536669
2231 3 -0.988482 0.110429 0.103480 0.102288 0.991456 -0.080942 -0.111534 -0.069425 -0.991333 -0.013995 -0.003334 0.526566
2232 3 -0.993640 -0.015345 0.111552 -0.017601 0.999659 -0.019266 -0.111218 -0.021106 -0.993572 -0.012991 0.001158 0.518859
2233 3 -0.989234 0.112316 0.093820 0.109804 0.993453 -0.031534 -0.096747 -0.020892 -0.995090 0.006866 -0.003552 0.482843
2234 3 0.420891 0.520881 -0.742654 -0.241956 0.853506 0.461504 0.874247 -0.014553 0.485263 -0.171646 -0.001589 0.443995
2235 3 -0.335816 0.450781 -0.827058 0.146385 0.892356 0.426933 0.930483 0.022303 -0.365655 -0.166943 -0.007695 0.442749
2236 3 -0.126827 0.671150 -0.730392 0.088323 0.741054 0.665611 0.987985 0.019907 -0.153264 -0.185291 0.044068 0.441129
2237 3 0.364338 0.470522 -0.803659 -0.210183 0.882253 0.421250 0.907238 0.015438 0.420334 -0.166029 -0.008124 0.443902
2238 3 -0.139013 0.635774 -0.759254 0.104260 0.771834 0.627218 0.984787 0.008032 -0.173580 -0.153101 0.078836 0.455688
2239 3 -0.226033 0.714733 -0.661865 0.207423 0.699181 0.684194 0.951780 0.017365 -0.306290 -0.139482 0.115461 0.461091
2240 3 -0.124353 0.714764 -0.688221 0.184979 0.698145 0.691648 0.974843 -0.041298 -0.219033 -0.122319 0.130698 0.473201
2241 3 -0.137551 0.726846 -0.672885 0.163665 0.686683 0.708294 0.976879 -0.012701 -0.213413 -0.131232 0.126076 0.467768
2242 3 -0.071328 0.826145 -0.558924 0.176912 0.561946 0.808034 0.981639 -0.041245 -0.186237 -0.171483 0.135787 0.472974
2243 3 -0.567314 0.821471 0.057799 0.788268 0.562013 -0.250550 -0.238303 -0.096580 -0.966377 -0.172146 0.141920 0.483581
2244 3 -0.070522 0.829747 -0.553667 0.153483 0.557465 0.815890 0.985632 -0.027441 -0.166666 -0.200496 0.139887 0.477496
2245 3 -0.070033 0.774277 -0.628960 0.196020 0.628897 0.752373 0.978096 -0.070597 -0.195817 -0.118986 0.139965 0.480509
2246 3 -0.111341 0.765712 -0.633474 0.157052 0.642984 0.749604 0.981294 -0.016026 -0.191847 -0.084423 0.065539 0.392703
2247 3 -0.873172 0.480855 -0.079676 0.485092 0.873256 -0.045926 0.047494 -0.078752 -0.995762 -0.171229 -0.005512 0.446247
2248 3 -0.861474 0.483043 0.156630 0.458472 0.872477 -0.169077 -0.218328 -0.073844 -0.973078 -0.171397 -0.007777 0.445980
2249 3 -0.710291 0.699376 0.079746 0.679057 0.710640 -0.184045 -0.185387 -0.076574 -0.979678 -0.189486 0.045732 0.445505
2250 3 -0.161857 0.353678 -0.921257 0.089962 0.934968 0.343136 0.982705 -0.027340 -0.183149 -0.137619 0.022324 0.458245
2251 3 -0.685496 0.720534 0.104528 0.688809 0.688318 -0.227511 -0.235878 -0.083958 -0.968149 -0.144059 0.115915 0.465022
2252 3 -0.685152 0.727404 0.038085 0.698339 0.670843 -0.249586 -0.207099 -0.144408 -0.967603 -0.125078 0.132415 0.477506
2253 3 -0.650291 0.704544 -0.284147 0.684410 0.705662 0.183370 0.329704 -0.075229 -0.941082 -0.133969 0.126233 0.470366
2254 3 -0.580432 0.811226 -0.070790 0.814090 0.576068 -0.073503 -0.018848 -0.100293 -0.994779 -0.172722 0.134117 0.476109
2255 3 -0.552454 0.829239 0.084597 0.777498 0.549234 -0.306330 -0.300485 -0.103459 -0.948159 -0.166266 0.142769 0.484089
2256 3 -0.551369 0.827744 0.104080 0.752452 0.547294 -0.366450 -0.360289 -0.123734 -0.924598 -0.174561 0.143263 0.484677
2257 3 -0.447354 0.824919 -0.345520 0.703069 0.563152 0.434228 0.552783 -0.048671 -0.831903 -0.202400 0.138442 0.479984
2258 3 -0.617324 0.785337 -0.046434 0.771496 0.592780 -0.231098 -0.153964 -0.178486 -0.971822 -0.121863 0.141690 0.484906
2259 3 -0.619345 0.784891 -0.018923 0.776254 0.608562 -0.164567 -0.117651 -0.116613 -0.986184 -0.088734 0.067629 0.398025
2260 3 -0.831672 0.548736 0.084911 0.553101 0.832178 0.039486 -0.048994 0.079804 -0.995606 0.068220 -0.026225 0.258237
2261 3 0.786101 0.593191 -0.173694 -0.573201 0.804770 0.154224 0.231268 -0.021674 0.972649 0.004073 0.049073 0.374464
2262 3 0.784179 0.575576 -0.231896 -0.546290 0.817592 0.181965 0.294331 -0.016011 0.955569 -0.014869 0.072850 0.402371
2263 3 0.830879 0.514532 -0.211890 -0.481832 0.855732 0.188575 0.278349 -0.054588 0.958928 0.011970 0.087096 0.420515
2264 3 0.855606 0.478895 -0.196461 -0.450511 0.875854 0.172972 0.254907 -0.059488 0.965134 0.049949 0.103942 0.422717
2265 3 -0.678684 0.460742 0.571932 0.424930 0.881502 -0.205884 -0.599018 0.103301 -0.794044 -0.021215 0.088530 0.431797
2266 3 0.206045 0.522263 0.827518 -0.232841 0.847542 -0.476925 -0.950437 -0.094412 0.296236 -0.022947 0.084383 0.431071
2267 3 0.833603 0.520071 -0.186099 -0.496013 0.853049 0.162106 0.243059 -0.042824 0.969066 0.008655 0.075272 0.410988
2268 3 0.830120 0.527496 -0.180690 -0.500467 0.847750 0.175650 0.245834 -0.055381 0.967729 0.011243 0.080532 0.418619
2269 3 -0.829667 0.557160 0.034998 0.549239 0.825881 -0.127502 -0.099943 -0.086562 -0.991221 -0.034656 0.018351 0.370351
2270 3 0.923562 0.364673 -0.118519 0.218248 -0.754063 -0.619482 -0.315279 0.546263 -0.776013 -0.241888 0.256569 0.863680
2271 3 0.836523 0.414009 0.358924 0.539640 -0.736026 -0.408722 0.094963 0.535595 -0.839119 -0.280205 0.295769 0.882897
2272 3 0.926859 0.358571 -0.111173 0.218530 -0.756126 -0.616861 -0.305249 0.547449 -0.779181 -0.243011 0.255846 0.862569
2273 3 0.873374 0.432423 -0.224116 0.337661 -0.869196 -0.361225 -0.351003 0.239809 -0.905146 -0.096050 0.059879 0.829080
2274 3 0.867150 0.447312 -0.219003 0.353356 -0.862440 -0.362403 -0.350984 0.236872 -0.905926 -0.086714 0.045847 0.837584
2275 3 0.836738 0.477664 -0.267780 0.401633 -0.867719 -0.292839 -0.372236 0.137480 -0.917899 -0.035892 0.025242 0.804470
2276 3 0.805035 0.557076 -0.203922 0.485942 -0.816427 -0.311941 -0.340262 0.152029 -0.927959 0.028121 0.035482 0.778769
2277 3 0.719955 0.654544 -0.230730 0.612820 -0.755605 -0.231327 -0.325755 0.025149 -0.945120 0.145717 0.071802 0.739640
2278 3 0.612156 0.729880 -0.304204 0.665417 -0.683326 -0.300478 -0.427183 -0.018483 -0.903976 0.215600 0.108166 0.707664
2279 3 0.412670 0.892302 -0.183034 0.803734 -0.451255 -0.387790 -0.428620 0.012919 -0.903392 0.213836 0.155223 0.706813
2280 3 0.051114 0.998225 -0.030554 0.937598 -0.058501 -0.342764 -0.343943 -0.011127 -0.938925 0.192417 0.200480 0.705053
2281 3 0.250596 0.962964 -0.099508 0.861634 -0.268718 -0.430555 -0.441349 0.022156 -0.897062 0.198347 0.179868 0.706832
2282 3 0.815693 0.314593 -0.485464 0.259631 -0.949021 -0.178748 -0.516949 0.019762 -0.855788 0.194165 0.016319 0.709350
2283 3 0.843446 -0.516681 -0.147102 -0.520351 -0.853814 0.015375 -0.133542 0.063577 -0.989002 0.069212 -0.074516 0.706546
2284 3 0.829284 -0.508013 -0.232832 -0.532074 -0.845156 -0.051070 -0.170835 0.166235 -0.971175 0.154340 0.024477 0.711858
2285 3 0.812541 -0.533987 -0.233742 -0.565170 -0.819865 -0.091669 -0.142687 0.206589 -0.967968 0.145821 0.103643 0.714119
2286 3 0.715633 -0.444058 -0.539150 -0.520484 -0.853782 0.012340 -0.465796 0.271788 -0.842120 0.312905 0.036134 0.700482
2287 3 0.795246 -0.514833 -0.320203 -0.479955 -0.857273 0.186351 -0.370441 0.005488 -0.928840 0.175735 -0.109214 0.621364
2288 3 0.756911 -0.579036 -0.302991 -0.540063 -0.815283 0.208915 -0.367993 0.005505 -0.929812 0.120609 -0.096590 0.630221
2289 3 0.600060 -0.703780 -0.380292 -0.672269 -0.701312 0.237101 -0.433570 0.113384 -0.893958 0.066891 -0.015329 0.681553
2290 3 0.532946 -0.672155 -0.513981 -0.700172 -0.691390 0.178154 -0.475109 0.264928 -0.839097 0.107489 0.072390 0.777974
2291 3 0.636829 -0.579293 -0.508791 -0.676199 -0.736680 -0.007606 -0.370409 0.348888 -0.860857 0.175267 0.147968 0.837019
2292 3 0.710475 -0.524121 -0.469598 -0.650271 -0.744059 -0.153376 -0.269021 0.414336 -0.869456 0.214820 0.207276 0.881241
2293 3 0.790676 -0.554424 -0.259703 -0.488056 -0.826892 0.279376 -0.369639 -0.094147 -0.924394 -0.130389 -0.159476 0.652208
2294 3 0.825544 -0.398282 -0.399810 -0.237315 -0.887780 0.394370 -0.512014 -0.230689 -0.827420 -0.114730 -0.182355 0.632910
2295 3 0.764660 -0.334326 -0.550928 -0.251059 -0.941904 0.223129 -0.593519 -0.032302 -0.804171 -0.000750 -0.059551 0.749364
2296 3 0.919550 -0.104124 -0.378926 -0.091335 -0.994481 0.051626 -0.382211 -0.012863 -0.923986 0.041168 -0.064235 0.746848
2297 3 0.806623 0.203082 -0.555084 0.157578 -0.979019 -0.129196 -0.569675 0.016744 -0.821700 0.097205 -0.057400 0.748861
2298 3 0.781776 0.257960 -0.567699 0.199513 -0.966037 -0.164215 -0.590779 0.015116 -0.806691 0.131809 -0.045874 0.744861
2299 3 0.737894 0.260242 -0.622725 0.210755 -0.965379 -0.153707 -0.641167 -0.017823 -0.767195 0.136186 -0.075258 0.747692
2300 3 0.810534 0.338547 -0.477933 0.229292 -0.934301 -0.272958 -0.538943 0.111656 -0.834909 0.105508 0.000318 0.845627
2301 3 0.923823 0.380780 0.039467 0.372639 -0.870843 -0.320580 -0.087701 0.310866 -0.946399 0.058239 0.061138 0.916741
2302 3 0.849541 0.380540 -0.365335 0.288803 -0.915050 -0.281560 -0.441444 0.133687 -0.887274 0.078202 0.035899 0.887621
2303 3 0.882178 0.233158 -0.409145 0.150741 -0.962926 -0.223719 -0.446138 0.135685 -0.884619 0.071697 0.013765 0.883596
2304 3 0.896429 0.306068 -0.320528 0.240708 -0.943500 -0.227742 -0.372123 0.127001 -0.919454 0.080410 0.013886 0.885103
2305 3 0.908143 0.316857 0.273639 0.355934 -0.928462 -0.106159 0.220426 0.193805 -0.955956 -0.012629 -0.027633 0.878863
2306 3 0.965341 0.224288 0.133463 0.248720 -0.945537 -0.209998 0.079095 0.235914 -0.968550 -0.102715 -0.065361 0.867400
2307 3 0.959958 0.242856 0.139651 0.277217 -0.895374 -0.348506 0.040403 0.373265 -0.926845 -0.192418 0.124677 0.901291
2308 3 0.964737 0.252660 0.073793 0.262886 -0.910850 -0.318187 -0.013178 0.326366 -0.945152 -0.165186 0.065923 0.886670
2309 3 0.771350 0.217318 0.598158 0.437297 -0.863852 -0.250064 0.462376 0.454459 -0.761364 -0.220899 0.106032 0.917867
2310 3 0.970064 0.126665 0.207202 0.198642 -0.904684 -0.376947 0.139707 0.406821 -0.902761 -0.273280 0.112881 0.912252
2311 3 0.977359 0.073516 0.198407 0.146864 -0.910735 -0.385997 0.152319 0.406396 -0.900911 -0.298179 0.132492 0.902100
2312 3 0.961922 0.084918 0.259797 0.185901 -0.900061 -0.394119 0.200366 0.427409 -0.881575 -0.320085 0.174567 0.911327
2313 3 0.869080 0.280863 0.407204 0.441199 -0.812369 -0.381314 0.223703 0.511051 -0.829930 -0.139847 0.215468 0.946926
2314 3 0.926297 0.262119 0.270678 0.363506 -0.810750 -0.458854 0.099178 0.523429 -0.846278 -0.153053 0.248130 0.952351
2315 3 0.901616 0.287828 0.322867 0.407214 -0.816505 -0.409264 0.145825 0.500475 -0.853381 -0.146834 0.192382 0.955157
2316 3 -0.748530 0.273320 0.604151 0.214937 -0.761901 0.610990 0.627299 0.587199 0.511560 -0.224977 0.246602 0.984835
2317 3 -0.483502 0.184496 0.855679 0.460458 -0.777753 0.427877 0.744449 0.600883 0.291093 -0.329035 0.262570 0.982563
2318 3 0.864474 0.108744 0.490774 0.356434 -0.821044 -0.445916 0.354456 0.560412 -0.748531 -0.368523 0.263529 0.972462
2319 3 0.851374 0.224036 0.474311 0.434917 -0.807009 -0.399480 0.293275 0.546393 -0.784503 -0.352700 0.209375 0.973724
2320 3 0.639733 0.431679 0.635920 0.646567 -0.749602 -0.141595 0.415563 0.501747 -0.758655 -0.366937 0.089947 0.976768
2321 3 0.681098 0.557998 0.474070 0.717130 -0.639036 -0.278133 0.147750 0.529406 -0.835404 -0.344147 -0.015898 0.976794
2322 3 0.649560 0.560515 0.513707 0.740141 -0.620759 -0.258554 0.173965 0.548162 -0.818080 -0.350372 -0.011650 0.974465
2323 3 0.678607 0.612728 0.405039 0.724842 -0.647796 -0.234446 0.118730 0.452686 -0.883730 -0.177538 -0.099581 0.944105
2324 3 0.703684 0.668966 0.239401 0.710067 -0.674057 -0.203597 0.025171 0.313259 -0.949334 -0.078663 -0.150836 0.910334
2325 3 0.727932 0.669711 0.146976 0.682396 -0.686781 -0.250335 -0.066712 0.282523 -0.956938 -0.000195 -0.195675 0.879018
2326 3 0.656107 0.671519 0.344363 0.737765 -0.666777 -0.105411 0.158828 0.323220 -0.932900 -0.066875 -0.209513 0.894420
2327 3 0.652178 0.617539 0.439670 0.724114 -0.679116 -0.120252 0.224327 0.396797 -0.890073 -0.138842 -0.227934 0.908682
2328 3 0.570511 0.584382 0.577074 0.737470 -0.673756 -0.046795 0.361461 0.452272 -0.815350 -0.212702 -0.245781 0.910775
2329 3 0.632056 0.564619 0.530765 0.687357 -0.724762 -0.047543 0.357834 0.394875 -0.846185 -0.283883 -0.278761 0.898389
2330 3 0.674552 0.623305 0.395563 0.703247 -0.705540 -0.087497 0.224549 0.337200 -0.914262 -0.142795 -0.233596 0.905449
2331 3 0.638695 0.568450 0.518588 0.717199 -0.683941 -0.133603 0.278737 0.457262 -0.844522 -0.287663 -0.153649 0.952326
2332 3 0.642449 0.595333 0.482533 0.709804 -0.699626 -0.081864 0.288856 0.395097 -0.872044 -0.199529 -0.209779 0.918153
2333 3 0.590009 0.690026 0.419229 0.782544 -0.616555 -0.086515 0.198780 0.379110 -0.903749 -0.107891 -0.162821 0.929729
2334 3 0.495165 0.788218 0.365410 0.861162 -0.500935 -0.086399 0.114946 0.357459 -0.926828 -0.026646 -0.088572 0.939615
2335 3 0.421463 0.822351 0.382240 0.897792 -0.437789 -0.048057 0.127821 0.363426 -0.922813 0.005511 -0.054245 0.945229
2336 3 0.564440 0.676807 0.472588 0.786004 -0.615570 -0.057195 0.252202 0.403739 -0.879426 -0.106988 -0.162741 0.927888
2337 3 0.588600 0.667249 0.456429 0.774002 -0.628123 -0.079889 0.233388 0.400300 -0.886166 -0.113254 -0.166582 0.928579
2338 3 0.383644 0.831222 0.402352 0.919809 -0.382758 -0.086298 0.082271 0.403195 -0.911408 0.038231 -0.011374 0.944549
2339 3 0.036041 0.896696 0.441178 0.998943 -0.044932 0.009719 0.028538 0.440361 -0.897367 -0.002677 0.246944 0.992850
2340 3 0.089661 0.915415 0.392398 0.994116 -0.058209 -0.091356 -0.060787 0.398280 -0.915247 0.013632 0.272770 0.980863
2341 3 0.252897 0.876651 0.409300 0.967485 -0.230926 -0.103182 0.004064 0.422086 -0.906547 -0.046639 0.156674 0.998950
2342 3 -0.398927 0.860221 0.317612 0.548656 -0.053613 0.834328 0.734734 0.507095 -0.450577 0.004780 -0.191131 0.860104
2343 3 -0.361626 0.860147 -0.359687 -0.710095 -0.004111 0.704094 0.604145 0.510030 0.612273 -0.015065 -0.112747 0.890078
2344 3 -0.134094 0.862656 -0.487693 -0.938096 0.048102 0.343019 0.319366 0.503499 0.802804 -0.019036 -0.037523 0.913729
2345 3 -0.241335 0.829764 0.503238 0.965605 0.257033 0.039260 -0.096772 0.495404 -0.863255 -0.004497 -0.049277 0.915561
2346 3 -0.483258 0.874667 -0.037681 -0.172588 -0.052983 0.983568 0.858298 0.481820 0.176562 -0.048346 -0.018991 0.912982
2347 3 0.451239 0.770077 0.450959 0.886143 -0.446404 -0.124395 0.105516 0.455746 -0.883833 -0.092879 0.026630 0.909235
2348 3 0.422099 0.582354 0.694763 0.729365 -0.673296 0.121239 0.538386 0.455561 -0.708947 -0.118777 0.083886 0.913886
2349 3 0.675575 -0.009049 0.737236 0.354536 -0.872743 -0.335595 0.646454 0.488096 -0.586395 -0.091902 0.199136 0.908651
2350 3 -0.710657 -0.179413 0.680278 0.447810 -0.861121 0.240700 0.542617 0.475690 0.692305 -0.102256 0.227517 0.904940
2351 3 -0.632519 -0.175340 0.754437 0.474013 -0.857964 0.198012 0.612561 0.482859 0.625792 -0.107558 0.228750 0.903881
2352 3 -0.704298 -0.140783 0.695805 0.440949 -0.854891 0.273361 0.556352 0.499342 0.664176 -0.041802 0.208724 0.914054
2353 3 0.997476 -0.068928 -0.017036 -0.068336 -0.866852 -0.493860 0.019274 0.493777 -0.869375 -0.031133 0.220293 0.911975
2354 3 0.998369 -0.051104 -0.025434 -0.056898 -0.926767 -0.371302 -0.004596 0.372144 -0.928164 -0.054896 0.133562 0.884242
2355 3 0.998483 -0.054616 0.006915 -0.051906 -0.975812 -0.212358 0.018346 0.211677 -0.977167 -0.082664 -0.109852 0.781304
2356 3 0.978191 0.144369 -0.149330 0.110822 -0.970828 -0.212629 -0.175671 0.191443 -0.965655 0.041202 -0.152412 0.777480
2357 3 0.898679 0.389108 -0.202414 0.362395 -0.918693 -0.157076 -0.247076 0.067807 -0.966621 0.187280 -0.225798 0.755908
2358 3 0.936305 0.350774 -0.017035 0.331321 -0.898383 -0.288330 -0.116442 0.264321 -0.957380 0.240433 -0.054003 0.787289
2359 3 0.932841 0.348192 -0.092569 0.301422 -0.894976 -0.328882 -0.197361 0.278892 -0.939823 0.257684 0.004047 0.793985
2360 3 0.915191 0.345915 -0.206805 0.279013 -0.914098 -0.294239 -0.290822 0.211584 -0.933089 0.345619 -0.023481 0.762778
2361 3 0.911281 0.399526 -0.099730 0.341596 -0.868694 -0.358723 -0.229954 0.292830 -0.928101 0.291675 0.006089 0.788666
2362 3 0.904209 0.403052 -0.141261 0.331547 -0.870922 -0.362727 -0.269225 0.281147 -0.921127 0.291259 0.006303 0.788841
2363 3 0.922986 0.384808 0.004509 0.372117 -0.889435 -0.265393 -0.098115 0.246632 -0.964130 0.264538 -0.081561 0.747005
2364 3 0.963107 0.221905 -0.152256 0.164935 -0.933767 -0.317608 -0.212651 0.280778 -0.935918 0.132592 -0.076970 0.756409
2365 3 0.965564 -0.015156 -0.259725 -0.106028 -0.934561 -0.339637 -0.237581 0.355479 -0.903985 0.190041 0.076083 0.799704
2366 3 0.869243 -0.039524 -0.492803 -0.183745 -0.951224 -0.247813 -0.458971 0.305960 -0.834107 0.259647 0.024156 0.756626
2367 3 0.594182 -0.067813 0.801467 0.303533 -0.903859 -0.301507 0.744859 0.422421 -0.516474 0.191706 0.078818 0.802163
2368 3 0.853997 -0.213518 -0.474446 -0.353811 -0.906924 -0.228707 -0.381453 0.363180 -0.850055 0.109384 0.166177 0.858381
2369 3 0.735500 -0.177602 -0.653833 -0.373461 -0.911461 -0.172526 -0.565303 0.371074 -0.736707 0.148457 0.126557 0.833226
2370 3 0.713072 -0.177477 -0.678255 -0.397664 -0.899136 -0.182803 -0.577401 0.400069 -0.711725 0.207550 0.161764 0.833573
2371 3 0.712151 -0.177767 -0.679147 -0.420609 -0.882596 -0.210030 -0.562076 0.435228 -0.703311 0.218923 0.203856 0.845892
2372 3 0.705500 -0.294935 -0.644424 -0.480080 -0.867774 -0.128423 -0.521338 0.399978 -0.753807 0.120264 0.143362 0.831415
2373 3 0.702782 -0.213589 -0.678585 -0.454788 -0.868385 -0.197674 -0.547052 0.447534 -0.707423 0.195684 0.236245 0.854529
2374 3 0.748978 -0.221903 -0.624332 -0.378895 -0.916430 -0.128818 -0.543571 0.333038 -0.770465 0.155395 0.091346 0.820420
2375 3 0.697049 -0.251158 -0.671597 -0.393152 -0.917169 -0.065057 -0.599628 0.309388 -0.738055 0.152872 0.093509 0.822390
2376 3 0.809833 0.046727 -0.584797 -0.167179 -0.937111 -0.306389 -0.562336 0.345890 -0.751092 0.158012 0.124285 0.814854
2377 3 0.766592 0.176351 -0.617444 -0.070178 -0.932781 -0.353545 -0.638289 0.314356 -0.702686 0.170073 0.106839 0.796179
2378 3 0.728875 0.172663 -0.662517 0.128358 -0.984981 -0.115488 -0.672506 -0.000863 -0.740091 0.217924 -0.094239 0.687565
2379 3 0.655606 0.413515 -0.631812 0.181120 -0.898413 -0.400062 -0.733060 0.147849 -0.663901 0.263710 -0.074246 0.668315
2380 3 0.757435 0.556105 -0.342109 0.304942 -0.764625 -0.567767 -0.577323 0.325723 -0.748734 0.121343 0.193771 0.808503
2381 3 0.729821 0.557414 -0.395792 0.265041 -0.764372 -0.587782 -0.630171 0.324075 -0.705592 0.131095 0.182942 0.827976
2382 3 0.738962 0.562450 -0.370926 0.296879 -0.766038 -0.570130 -0.604813 0.311184 -0.733053 0.124816 0.188944 0.828625
2383 3 0.740547 0.548138 -0.388760 0.259410 -0.766845 -0.587074 -0.619916 0.333908 -0.710077 0.120862 0.195351 0.828226
2384 3 0.687052 0.546430 -0.478930 0.115103 -0.732657 -0.670795 -0.717434 0.405744 -0.566269 0.151935 0.295247 0.835112
2385 3 0.651130 0.550200 -0.522790 0.152645 -0.769679 -0.619914 -0.743457 0.323843 -0.585147 0.204898 0.225833 0.808315
2386 3 0.691961 0.498232 -0.522451 0.191896 -0.824583 -0.532201 -0.695964 0.268007 -0.666188 0.195975 0.101047 0.785148
2387 3 0.731769 0.386561 -0.561324 0.107667 -0.878820 -0.464848 -0.672995 0.279725 -0.684713 0.124368 0.045192 0.791797
2388 3 0.938465 0.187990 -0.289730 0.097144 -0.948696 -0.300896 -0.331431 0.254235 -0.908580 0.009320 -0.022154 0.800454
2389 3 -0.583563 -0.808404 0.077057 -0.684469 0.438588 -0.582359 0.436985 -0.392587 -0.809271 -0.055124 -0.010177 0.588035
2390 3 -0.590347 -0.800217 0.105562 -0.695461 0.437911 -0.569709 0.409664 -0.409740 -0.815039 -0.055015 -0.010875 0.586985
2391 3 -0.602703 -0.791852 0.098585 -0.687836 0.452913 -0.567232 0.404513 -0.409683 -0.817636 -0.055461 -0.010766 0.587828
2392 3 -0.596448 -0.797823 0.087910 -0.686029 0.449864 -0.571827 0.416670 -0.401374 -0.815650 -0.056168 -0.010355 0.587738
2393 3 -0.416254 -0.877242 0.239121 -0.867970 0.305029 -0.391899 0.270851 -0.370679 -0.888390 -0.030521 -0.027011 0.586243
2394 3 -0.355558 -0.902031 0.244784 -0.879960 0.234790 -0.412971 0.315039 -0.362235 -0.877232 -0.020353 -0.032724 0.586543
2395 3 -0.250278 -0.912914 0.322410 -0.928560 0.132056 -0.346896 0.274110 -0.386198 -0.880747 -0.007941 -0.039232 0.587095
2396 3 -0.175101 -0.919249 0.352593 -0.935761 0.044046 -0.349874 0.306090 -0.391206 -0.867909 0.006670 -0.042878 0.585887
2397 3 -0.023894 -0.922307 0.385718 -0.959559 -0.087094 -0.267697 0.280493 -0.376516 -0.882927 0.026362 -0.046583 0.586054
2398 3 0.055028 -0.870259 0.489511 -0.865965 -0.285655 -0.410495 0.497069 -0.401311 -0.769332 0.056526 -0.043071 0.583451
2399 3 0.373993 -0.793689 0.479778 -0.885376 -0.459562 -0.070084 0.276112 -0.398574 -0.874586 0.087997 -0.034548 0.586892
2400 3 0.638197 -0.653670 0.406718 -0.735653 -0.673538 0.071842 0.226979 -0.345052 -0.910725 0.125587 -0.017312 0.580857
2401 3 0.756972 -0.564190 0.329669 -0.638956 -0.744739 0.192610 0.136849 -0.356445 -0.924240 0.148090 0.001608 0.581364
2402 3 0.806846 -0.487458 0.333743 -0.566898 -0.797810 0.205247 0.166214 -0.354801 -0.920049 0.155618 0.009437 0.583975
2403 3 0.800540 -0.543274 0.252962 -0.596273 -0.764312 0.245531 0.059952 -0.347392 -0.935802 0.143817 0.033781 0.578011
2404 3 0.756738 -0.536885 0.372962 -0.611982 -0.782404 0.115424 0.229838 -0.315591 -0.920639 0.135857 0.051160 0.575247
2405 3 0.736867 -0.540132 0.406551 -0.622878 -0.776190 0.097732 0.262773 -0.325248 -0.908386 0.136969 0.054500 0.575691
2406 3 0.805434 -0.516955 0.289885 -0.586461 -0.765839 0.263730 0.085669 -0.382424 -0.920007 0.146491 0.016156 0.579230
2407 3 0.791214 -0.458620 0.404534 -0.565907 -0.799824 0.200079 0.231796 -0.387234 -0.892368 0.161651 -0.024820 0.582951
2408 3 0.800683 -0.554334 0.227204 -0.597443 -0.710740 0.371363 -0.044376 -0.433085 -0.900260 0.181998 -0.096699 0.588374
2409 3 0.768120 -0.638596 0.046774 -0.590703 -0.678531 0.436653 -0.247107 -0.363031 -0.898413 0.180880 -0.098993 0.589558
2410 3 0.740892 -0.538601 0.401232 -0.634869 -0.756554 0.156738 0.219134 -0.370856 -0.902467 0.165944 -0.051008 0.581443
2411 3 0.759054 -0.583163 0.289410 -0.649578 -0.708062 0.276941 0.043419 -0.398208 -0.916267 0.225573 -0.045420 0.577442
2412 3 0.767565 -0.582628 0.267187 -0.640944 -0.693817 0.328343 -0.005922 -0.423276 -0.905981 0.225984 -0.044892 0.578607
2413 3 0.729785 -0.576622 0.367315 -0.683074 -0.637527 0.356328 0.028707 -0.510946 -0.859133 0.227503 -0.041761 0.581969
2414 3 0.655906 -0.629549 0.416481 -0.729751 -0.669926 0.136614 0.193006 -0.393533 -0.898822 0.155424 -0.048181 0.585497
2415 3 -0.015435 -0.895229 0.445339 -0.867574 -0.209426 -0.451061 0.497068 -0.393327 -0.773445 0.051775 -0.092058 0.583611
2416 3 -0.065063 -0.899406 0.432245 -0.822956 -0.196619 -0.532995 0.564366 -0.390397 -0.727379 0.016105 -0.088730 0.585941
2417 3 -0.294493 -0.883382 0.364568 -0.714309 -0.049951 -0.698045 0.634851 -0.465984 -0.616298 -0.024294 -0.077536 0.584628
2418 3 -0.306737 -0.891962 0.332139 -0.896075 0.152983 -0.416707 0.320876 -0.425441 -0.846191 -0.054125 -0.068267 0.582300
2419 3 -0.492675 -0.840045 -0.227147 -0.168233 0.348044 -0.922260 0.853797 -0.416161 -0.312796 -0.083155 -0.049366 0.585518
2420 3 0.586452 -0.773584 -0.240087 0.778742 0.456964 0.429820 -0.222791 -0.439034 0.870410 -0.108150 -0.026492 0.582585
2421 3 -0.110134 -0.703049 -0.702561 0.427042 0.604819 -0.672183 0.897500 -0.374053 0.233620 -0.124655 -0.008264 0.589123
2422 3 -0.770841 -0.636973 0.008297 -0.541323 0.648112 -0.535649 0.335816 -0.417391 -0.844400 -0.139025 0.018357 0.587540
2423 3 -0.783945 -0.619590 -0.039208 -0.497709 0.664972 -0.556864 0.371100 -0.417036 -0.829678 -0.139722 0.018149 0.588034
2424 3 -0.748768 -0.660013 0.061064 -0.592330 0.624934 -0.508530 0.297475 -0.416941 -0.858876 -0.104881 0.005441 0.592558
2425 3 0.333806 -0.772200 -0.540630 0.836464 0.507087 -0.207824 0.434628 -0.382845 0.815186 -0.050922 -0.012018 0.602056
2426 3 -0.699176 -0.708874 0.093003 -0.652336 0.579287 -0.488758 0.292593 -0.402397 -0.867448 -0.079415 -0.003269 0.594455
2427 3 -0.774144 -0.625031 0.100187 -0.587326 0.650186 -0.481981 0.236112 -0.431965 -0.870435 -0.124987 0.011712 0.591056
2428 3 -0.815054 -0.540410 0.208913 -0.554742 0.623849 -0.550521 0.167177 -0.564597 -0.808259 -0.222840 0.048241 0.570719
2429 3 -0.771440 -0.611230 0.176857 -0.585967 0.574078 -0.571907 0.248036 -0.544824 -0.801027 -0.194499 0.037603 0.574719
