1050 2 -0.079204 -0.987117 0.139019 -0.967077 0.042254 -0.250951 0.241844 -0.154319 -0.957965 0.127947 0.080172 0.639291
1051 2 -0.048318 -0.974899 0.217344 -0.945897 -0.025237 -0.323484 0.320849 -0.221215 -0.920934 0.116443 0.108377 0.652800
1052 2 -0.021903 -0.972244 0.232940 -0.965613 -0.039802 -0.256921 0.259061 -0.230557 -0.937940 0.117718 0.086174 0.625591
1053 2 -0.036898 -0.959205 0.280292 -0.978194 -0.022699 -0.206450 0.204390 -0.281797 -0.937451 0.113766 0.048696 0.583604
1054 2 0.836105 0.276785 0.473623 0.455640 -0.831191 -0.318611 0.305484 0.482194 -0.821077 -0.075667 0.140192 0.488398
1055 2 0.731826 0.243737 0.636414 0.500267 -0.826286 -0.258812 0.462778 0.507783 -0.726632 -0.104439 0.165865 0.480408
1056 2 0.363788 -0.908282 0.206597 -0.870732 -0.410379 -0.270951 0.330883 -0.081321 -0.940161 -0.015844 0.167505 0.528453
1057 2 -0.085911 -0.954408 0.285875 -0.966867 0.010634 -0.255060 0.240391 -0.298315 -0.923699 0.079900 0.091475 0.545831
1058 2 0.058923 -0.991295 0.117739 -0.990571 -0.072673 -0.116132 0.123678 -0.109786 -0.986231 0.232158 0.030649 0.524983
1059 2 -0.004530 -0.975008 0.222123 -0.988132 -0.029741 -0.150699 0.153538 -0.220170 -0.963302 0.173829 0.048700 0.543285
1060 2 0.358630 -0.914135 0.189055 -0.888184 -0.396478 -0.232236 0.287251 -0.084629 -0.954109 0.184697 0.107176 0.537407
1061 2 0.681817 -0.711143 0.171465 -0.723656 -0.689977 0.015911 0.106992 -0.134930 -0.985062 0.172327 0.140390 0.537467
1062 2 0.705733 -0.685643 0.178423 -0.704141 -0.706628 0.069729 0.078269 -0.174845 -0.981480 0.171445 0.148524 0.541397
1063 2 0.523602 -0.850978 0.040970 -0.833495 -0.521617 -0.182214 0.176430 0.061259 -0.982405 -0.076909 0.051010 0.578317
1064 2 0.462416 -0.879430 0.113026 -0.878212 -0.471830 -0.078230 0.122127 -0.063086 -0.990508 -0.122215 -0.016471 0.560903
1065 2 0.395472 -0.913194 0.098379 -0.917900 -0.396748 0.007072 0.032574 -0.093099 -0.995124 -0.154623 -0.058724 0.550193
1066 2 0.454137 -0.873209 0.176821 -0.889298 -0.456299 0.030644 0.053924 -0.171163 -0.983766 -0.182293 -0.082187 0.539338
1067 2 0.502127 -0.852010 0.148148 -0.853928 -0.515559 -0.070751 0.136660 -0.090982 -0.986431 -0.136374 -0.020383 0.561909
1068 2 0.588828 -0.785226 0.191575 -0.785317 -0.611883 -0.094216 0.191202 -0.094970 -0.976946 -0.140275 0.014245 0.575715
1069 2 0.703513 -0.650745 0.285659 -0.667474 -0.743031 -0.048823 0.244025 -0.156322 -0.957087 -0.149397 0.062251 0.595764
1070 2 0.749465 -0.600804 0.278094 -0.609838 -0.790000 -0.063227 0.257681 -0.122206 -0.958471 -0.089686 0.127908 0.613097
1071 2 0.778447 -0.591879 0.209044 -0.588260 -0.804080 -0.086052 0.219020 -0.055985 -0.974113 -0.030597 0.171807 0.605858
1072 2 0.735435 -0.613103 0.288514 -0.617340 -0.781792 -0.087710 0.279333 -0.113606 -0.953450 -0.112649 0.106112 0.613537
1073 2 0.722040 -0.620847 0.305298 -0.578424 -0.783816 -0.225960 0.379584 -0.013439 -0.925060 -0.104162 0.107616 0.606963
1074 2 0.730786 -0.586503 0.349236 -0.567620 -0.806310 -0.166347 0.379156 -0.076669 -0.922151 -0.118595 0.136418 0.621340
1075 2 0.840059 -0.382487 0.384714 -0.390379 -0.918638 -0.060890 0.376703 -0.099033 -0.921025 -0.120090 0.084990 0.621644
1076 2 0.939497 -0.164327 0.300569 -0.180639 -0.983176 0.027104 0.291058 -0.079759 -0.953375 -0.101293 0.034490 0.619422
1077 2 0.885756 -0.442589 -0.139829 -0.440745 -0.896473 0.045601 -0.145535 0.021238 -0.989125 0.064449 -0.017991 0.399032
1078 2 0.884765 -0.414774 -0.212493 -0.427873 -0.903667 -0.017646 -0.184704 0.106532 -0.977003 0.103115 0.050596 0.398633
1079 2 0.882377 -0.426697 -0.198346 -0.436493 -0.899685 -0.006348 -0.175741 0.092178 -0.980111 0.122980 0.073366 0.398780
1080 2 0.862497 -0.461302 -0.208088 -0.487381 -0.867878 -0.096165 -0.136234 0.184360 -0.973371 0.089062 0.034610 0.402335
1081 2 0.882692 -0.430238 -0.189075 -0.455884 -0.881612 -0.122187 -0.114122 0.194050 -0.974331 0.094082 0.030876 0.405594
1082 2 0.899989 -0.399051 -0.175438 -0.427085 -0.887782 -0.171582 -0.087280 0.229349 -0.969423 0.088652 0.030256 0.404335
1083 2 0.695635 -0.684603 -0.217740 -0.701301 -0.712865 0.000826 -0.155785 0.152127 -0.976006 0.050121 0.010932 0.412617
1084 2 0.352912 -0.910320 -0.216265 -0.935210 -0.350334 -0.051465 -0.028915 0.220415 -0.974977 0.011441 0.013128 0.407666
1085 2 0.020821 -0.988334 -0.150873 -0.997459 -0.030818 0.064229 -0.068129 0.149152 -0.986464 -0.011519 0.021152 0.412075
1086 2 0.998075 0.040957 0.046575 0.042775 -0.998333 -0.038740 0.044911 0.040658 -0.998163 -0.085291 0.133286 0.413467
1087 2 0.992849 -0.109672 0.047154 -0.112811 -0.991143 0.070069 0.039052 -0.074888 -0.996427 -0.076815 0.109565 0.421801
1088 2 0.979966 0.128255 0.152371 0.145610 -0.983344 -0.108779 0.135882 0.128786 -0.982319 -0.133798 0.086354 0.485481
1089 2 0.985623 -0.019460 0.167835 0.009431 -0.985459 -0.169650 0.168696 0.168794 -0.971108 -0.133011 0.150906 0.518394
1090 2 0.978190 -0.168609 0.121309 -0.138646 -0.964881 -0.223118 0.154668 0.201433 -0.967214 -0.123819 0.168579 0.520697
1091 2 0.969718 -0.027851 0.242633 0.011105 -0.987420 -0.157726 0.243974 0.155644 -0.957210 -0.135143 0.093706 0.493541
1092 2 0.993798 0.048834 0.099903 0.063974 -0.985927 -0.154453 0.090955 0.159886 -0.982936 -0.041525 0.056927 0.548028
1093 2 0.833551 -0.549316 0.058700 -0.538739 -0.831791 -0.133729 0.122286 0.079846 -0.989278 -0.055721 0.126434 0.555349
1094 2 0.501379 -0.864159 -0.042998 -0.855348 -0.487552 -0.175136 0.130382 0.124588 -0.983605 -0.038941 0.150475 0.548833
1095 2 0.389161 -0.919954 -0.047308 -0.905685 -0.372737 -0.201992 0.168190 0.121454 -0.978244 -0.054814 0.151493 0.520747
1096 2 0.411303 -0.909564 -0.059355 -0.902836 -0.397573 -0.163779 0.125369 0.120950 -0.984710 -0.041619 0.156246 0.534640
1097 2 0.458713 -0.868785 -0.186535 -0.879732 -0.414467 -0.232999 0.125114 0.270980 -0.954419 0.037696 0.183932 0.624927
1098 2 0.360942 -0.922233 -0.138589 -0.893202 -0.299128 -0.335726 0.268162 0.244965 -0.931709 0.021325 0.215860 0.641057
1099 2 0.421248 -0.879016 -0.223341 -0.896213 -0.365672 -0.251172 0.139115 0.305967 -0.941824 0.093473 0.156736 0.645759
1100 2 0.995718 0.029933 -0.087459 0.019328 -0.992625 -0.119677 -0.090396 0.117474 -0.988953 -0.093974 0.043602 0.529223
1101 2 0.997801 0.006603 -0.065957 -0.009648 -0.969964 -0.243056 -0.065581 0.243158 -0.967767 -0.121850 0.075460 0.558850
1102 2 0.993417 0.111339 0.026958 0.114132 -0.982177 -0.149342 0.009850 0.151435 -0.988418 -0.113806 0.028901 0.555097
1103 2 -0.064117 -0.988227 -0.138912 -0.992255 0.077971 -0.096699 0.106391 0.131636 -0.985572 -0.001952 -0.078090 0.563895
1104 2 0.167166 -0.972667 -0.161167 -0.981296 -0.148315 -0.122719 0.095461 0.178667 -0.979268 0.039544 -0.087543 0.557137
1105 2 0.158919 -0.980542 -0.115248 -0.982766 -0.145944 -0.113454 0.094426 0.131292 -0.986836 0.038997 -0.088114 0.560658
1106 2 -0.041642 -0.991643 -0.122105 -0.996187 0.050585 -0.071080 0.076663 0.118680 -0.989969 0.002365 -0.084370 0.563300
1107 2 -0.042367 -0.976692 -0.210425 -0.997233 0.054217 -0.050865 0.061088 0.207687 -0.976286 0.021127 -0.121039 0.525171
1108 2 -0.015284 -0.995622 -0.092212 -0.998228 0.020498 -0.055866 0.057512 0.091195 -0.994171 -0.006606 -0.092640 0.561999
1109 2 -0.088434 -0.981699 -0.168660 -0.977367 0.118187 -0.175456 0.192179 0.149327 -0.969932 0.018160 -0.017503 0.622191
1110 2 -0.015180 -0.976775 -0.213730 -0.949967 0.080784 -0.301723 0.311981 0.198457 -0.929130 0.121280 0.044853 0.674110
1111 2 -0.111585 -0.981747 -0.154018 -0.983779 0.131036 -0.122512 0.140458 0.137849 -0.980443 0.002058 -0.040445 0.629969
1112 2 -0.138132 -0.955415 -0.260963 -0.990035 0.125916 0.063049 -0.027379 0.267072 -0.963288 0.013492 -0.120124 0.554686
1113 2 0.209068 -0.953115 -0.218774 -0.977331 -0.196011 -0.080025 0.033391 0.230545 -0.972489 0.099744 -0.115832 0.560326
1114 2 0.961232 0.078433 -0.264352 0.087381 -0.995927 0.022240 -0.261531 -0.044477 -0.964170 0.040185 -0.030755 0.391874
1115 2 0.948372 0.177445 -0.262874 0.169688 -0.984119 -0.052115 -0.267947 0.004818 -0.963422 0.083726 -0.030114 0.410270
1116 2 0.944522 0.232170 -0.232325 0.196192 -0.966096 -0.167830 -0.263414 0.112939 -0.958049 0.092367 0.028518 0.474825
1117 2 0.970624 0.132449 -0.200862 0.096493 -0.979049 -0.179308 -0.220403 0.154659 -0.963070 0.067923 0.032805 0.455657
1118 2 0.976174 0.028223 -0.215147 0.007231 -0.995186 -0.097742 -0.216870 0.093858 -0.971678 0.032652 0.049220 0.446890
1119 2 0.968574 0.106845 -0.224609 0.085801 -0.991131 -0.101477 -0.233459 0.079016 -0.969151 0.038807 0.018620 0.433201
1120 2 0.961847 0.228859 -0.149914 0.161979 -0.917957 -0.362101 -0.220485 0.324003 -0.920005 0.085633 0.178678 0.567486
1121 2 -0.009622 -0.975129 -0.221429 -0.883603 0.111960 -0.454654 0.468138 0.191281 -0.862704 0.210981 0.108392 0.597579
1122 2 0.192868 -0.975793 -0.103105 -0.797552 -0.094688 -0.595772 0.571588 0.197137 -0.796508 0.258452 0.133898 0.612764
1123 2 0.281064 -0.958784 -0.041676 -0.756065 -0.194473 -0.624937 0.591075 0.207157 -0.779562 0.276392 0.151926 0.617984
1124 2 0.290422 -0.955171 -0.057474 -0.758577 -0.193203 -0.622281 0.583281 0.224323 -0.780681 0.286072 0.129764 0.608755
1125 2 0.273401 -0.961663 -0.021350 -0.736724 -0.195077 -0.647443 0.618457 0.192741 -0.761815 0.267978 0.175926 0.630142
1126 2 0.243405 -0.969917 -0.003814 -0.746031 -0.184704 -0.639782 0.619831 0.158571 -0.768547 0.247769 0.170502 0.635151
1127 2 0.128605 -0.990480 -0.049084 -0.771919 -0.068909 -0.631975 0.622576 0.119164 -0.773433 0.122885 0.147678 0.639356
1128 2 0.236982 -0.971161 0.026186 -0.728060 -0.195377 -0.657081 0.643248 0.136651 -0.753365 0.119343 0.151183 0.645116
1129 2 0.081884 -0.993574 -0.078135 -0.803133 -0.019360 -0.595485 0.590146 0.111513 -0.799557 0.102830 0.147145 0.635445
1130 2 0.087355 -0.970721 -0.223763 -0.861257 0.039284 -0.506648 0.500605 0.236976 -0.832609 0.162247 0.039114 0.590481
1131 2 0.041899 -0.975582 -0.215601 -0.835070 0.084281 -0.543650 0.548546 0.202820 -0.811148 0.142756 0.087647 0.591571
1132 2 0.068072 -0.985718 -0.154030 -0.880703 0.013168 -0.473486 0.468752 0.167886 -0.867229 0.114491 0.025755 0.594524
1133 2 0.134357 -0.983088 -0.124445 -0.854526 -0.051359 -0.516864 0.501731 0.175786 -0.846974 0.113865 0.026468 0.600887
1134 2 0.218747 -0.974401 -0.051897 -0.805005 -0.150150 -0.573953 0.551468 0.167328 -0.817242 0.161008 0.037566 0.619404
1135 2 0.231379 -0.967643 -0.100651 -0.749689 -0.111407 -0.652346 0.620024 0.226396 -0.751209 0.190541 0.111955 0.638939
1136 2 0.199288 -0.978984 -0.043292 -0.805998 -0.138627 -0.575456 0.557361 0.149575 -0.816686 0.160716 0.035468 0.618283
1137 2 0.262145 -0.963883 0.047012 -0.882011 -0.259077 -0.393620 0.391583 0.061720 -0.918070 0.103388 -0.083311 0.550566
1138 2 0.073071 -0.996357 0.043961 -0.903053 -0.084807 -0.421074 0.423268 -0.008931 -0.905960 0.045499 -0.072226 0.544978
1139 2 0.063324 -0.991009 0.117860 -0.873584 -0.112143 -0.473577 0.482536 -0.072972 -0.872831 -0.038916 0.019123 0.582886
1140 2 0.957176 0.260135 -0.127060 0.210156 -0.926188 -0.313065 -0.199120 0.272956 -0.941194 -0.017408 0.012800 0.501919
1141 2 0.921486 0.250231 -0.297064 0.101640 -0.893521 -0.437367 -0.374876 0.372834 -0.848801 0.064661 0.103696 0.571875
1142 2 0.879789 0.290035 -0.376632 0.084592 -0.875177 -0.476350 -0.467778 0.387227 -0.794506 0.125245 0.163759 0.604771
1143 2 0.918816 0.212933 -0.332319 0.075146 -0.920962 -0.382337 -0.387465 0.326325 -0.862196 0.075739 0.129682 0.583895
1144 2 0.843619 0.254254 -0.472929 0.004306 -0.883957 -0.467549 -0.536925 0.392397 -0.746817 0.205015 0.177630 0.558760
1145 2 0.929505 0.248482 -0.272539 0.085669 -0.864224 -0.495760 -0.358722 0.437463 -0.824588 0.100015 0.144991 0.574513
1146 2 0.289744 -0.924374 -0.248155 -0.832959 -0.115834 -0.541075 0.471411 0.363476 -0.803528 0.170423 0.138257 0.584210
1147 2 0.419612 -0.897572 -0.135243 -0.769383 -0.272641 -0.577682 0.481638 0.346455 -0.804980 0.159612 0.160749 0.586324
1148 2 0.336865 -0.934885 -0.111855 -0.807521 -0.225776 -0.544917 0.484181 0.273889 -0.830996 0.102913 0.182912 0.620607
1149 2 0.315587 -0.943855 -0.097690 -0.811754 -0.215228 -0.542893 0.491386 0.250630 -0.834101 0.103141 0.182157 0.622128
1150 2 0.343678 -0.931855 -0.116331 -0.806729 -0.229554 -0.544512 0.480702 0.280984 -0.830646 0.102896 0.182117 0.619785
1151 2 0.287627 -0.950916 -0.114147 -0.813423 -0.179629 -0.553241 0.505582 0.251977 -0.825163 0.104512 0.179472 0.621252
1152 2 0.340706 -0.932844 -0.117141 -0.810036 -0.228013 -0.540233 0.477243 0.278950 -0.833322 0.102979 0.182652 0.619614
1153 2 -0.040624 -0.988793 0.143659 -0.963530 0.000707 -0.267600 0.264500 -0.149291 -0.952760 0.128520 0.084252 0.639579
1154 2 -0.044583 -0.983767 0.173823 -0.952618 -0.010541 -0.303986 0.300884 -0.179139 -0.936685 0.107219 0.097663 0.642369
1155 2 -0.051645 -0.979688 0.193764 -0.953810 -0.009107 -0.300272 0.295937 -0.200322 -0.933966 0.111334 0.102173 0.647415
1156 2 -0.041065 -0.974755 0.219466 -0.950097 -0.029887 -0.310520 0.309241 -0.221266 -0.924885 0.120725 0.116791 0.654863
1157 2 -0.032659 -0.971326 0.235496 -0.971736 -0.024258 -0.234820 0.233799 -0.236509 -0.943081 0.115992 0.068973 0.612298
1158 2 -0.030883 -0.969135 0.244590 -0.964685 -0.035143 -0.261053 0.261591 -0.244015 -0.933824 0.115469 0.065181 0.606425
1159 2 -0.032850 -0.954890 0.295138 -0.981030 -0.025641 -0.192151 0.191051 -0.295851 -0.935934 0.113503 0.049369 0.584611
1160 2 -0.061115 -0.966719 0.248435 -0.991170 0.029434 -0.129292 0.117676 -0.254143 -0.959981 0.111794 0.013141 0.547966
1161 2 -0.151236 -0.936955 0.315030 -0.979381 0.098845 -0.176186 0.133939 -0.335180 -0.932585 0.036329 0.050137 0.547932
1162 2 0.031061 -0.944906 0.325865 -0.979405 -0.093847 -0.178770 0.199502 -0.313601 -0.928361 0.013632 0.076562 0.536910
1163 2 0.548028 -0.833639 0.068637 -0.808181 -0.548871 -0.213503 0.215657 0.061534 -0.974528 -0.002652 0.115536 0.520716
1164 2 0.966966 0.046237 0.250675 0.116484 -0.954878 -0.273204 0.226732 0.293378 -0.928721 -0.084702 0.155277 0.501569
1165 2 0.753064 0.235515 0.614351 0.478954 -0.836427 -0.266447 0.451107 0.494897 -0.742684 -0.105711 0.166742 0.481299
1166 2 0.763465 0.241530 0.598986 0.515414 -0.786732 -0.339709 0.389191 0.568082 -0.725130 -0.104125 0.154963 0.476453
1167 2 0.347846 -0.930127 0.117756 -0.876000 -0.367195 -0.312716 0.334105 0.005622 -0.942519 -0.010950 0.167841 0.526796
1168 2 -0.102701 -0.922557 0.371942 -0.953008 -0.015877 -0.302527 0.285004 -0.385533 -0.877574 0.017507 0.123974 0.545981
1169 2 0.318913 -0.909493 0.266677 -0.907720 -0.374035 -0.190112 0.272652 -0.181439 -0.944850 0.083296 0.128715 0.537059
1170 2 -0.051809 -0.960514 0.273364 -0.984993 0.004023 -0.172545 0.164632 -0.278201 -0.946309 0.132161 0.060362 0.552609
1171 2 0.036450 -0.975314 0.217793 -0.971603 -0.085572 -0.220601 0.233792 -0.203568 -0.950737 0.182505 0.050881 0.546511
1172 2 0.049604 -0.989826 0.133358 -0.986586 -0.069352 -0.147776 0.155521 -0.124238 -0.979989 0.216988 0.032790 0.530878
1173 2 0.041224 -0.989273 0.140138 -0.990889 -0.058478 -0.121322 0.128216 -0.133860 -0.982671 0.205101 0.040761 0.532059
1174 2 0.041778 -0.971403 0.233734 -0.978077 -0.087530 -0.188954 0.204009 -0.220716 -0.953763 0.175851 0.055102 0.544735
1175 2 0.058750 -0.975263 0.213098 -0.973481 -0.103249 -0.204145 0.221097 -0.195453 -0.955465 0.179112 0.071830 0.542249
1176 2 0.215660 -0.955589 0.200847 -0.941382 -0.258107 -0.217209 0.259403 -0.142231 -0.955238 0.184760 0.091528 0.539895
1177 2 0.475246 -0.865832 0.156446 -0.862955 -0.493372 -0.109055 0.171610 -0.083178 -0.981647 0.179962 0.119377 0.536406
1178 2 0.555172 -0.818159 0.149668 -0.821155 -0.567773 -0.057771 0.132243 -0.090828 -0.987047 0.174912 0.123841 0.534199
1179 2 0.635604 -0.765040 0.103541 -0.765575 -0.641895 -0.043201 0.099513 -0.051810 -0.993686 0.173035 0.143775 0.530895
1180 2 0.711001 -0.677619 0.187910 -0.696435 -0.715516 0.054909 0.097245 -0.169908 -0.980650 0.171195 0.151355 0.541126
1181 2 0.711539 -0.679153 0.180178 -0.698102 -0.712418 0.071519 0.079789 -0.176671 -0.981031 0.170711 0.148772 0.541428
1182 2 0.519056 -0.854367 0.025253 -0.836660 -0.513899 -0.189496 0.174876 0.077231 -0.981557 -0.075746 0.051094 0.576888
1183 2 0.469960 -0.880005 0.068762 -0.873915 -0.474831 -0.103962 0.124137 -0.011235 -0.992201 -0.096423 0.017703 0.570116
1184 2 0.438292 -0.889356 0.130177 -0.893328 -0.447019 -0.046242 0.099317 -0.096023 -0.990412 -0.122067 -0.017835 0.563522
1185 2 0.469530 -0.876830 0.103491 -0.876224 -0.477164 -0.067422 0.108499 -0.059024 -0.992343 -0.121829 -0.011864 0.560895
1186 2 0.500204 -0.860511 0.096524 -0.859719 -0.506837 -0.063241 0.103341 -0.051350 -0.993320 -0.126633 -0.012062 0.564265
1187 2 0.435440 -0.893139 0.112672 -0.897362 -0.440606 -0.024632 0.071644 -0.090382 -0.993327 -0.155682 -0.054799 0.549992
1188 2 0.371629 -0.911519 0.176139 -0.927184 -0.374042 0.020559 0.047144 -0.170953 -0.984151 -0.181316 -0.082873 0.540172
1189 2 0.511302 -0.835159 0.202681 -0.842871 -0.533356 -0.071420 0.167748 -0.134317 -0.976637 -0.151260 -0.032378 0.558958
1190 2 0.510687 -0.845026 0.158523 -0.850044 -0.523906 -0.054301 0.128936 -0.107021 -0.985861 -0.137739 -0.019839 0.563067
1191 2 0.527981 -0.843980 0.094519 -0.840840 -0.535131 -0.081378 0.119262 -0.036509 -0.992191 -0.136878 -0.011507 0.560932
1192 2 0.547788 -0.808464 0.215208 -0.818655 -0.571006 -0.061284 0.172431 -0.142610 -0.974644 -0.139545 0.002590 0.573569
1193 2 0.627547 -0.732119 0.264928 -0.736807 -0.668398 -0.101785 0.251596 -0.131326 -0.958881 -0.146089 0.038513 0.585768
1194 2 0.701235 -0.667385 0.250733 -0.673472 -0.735485 -0.074143 0.233892 -0.116870 -0.965213 -0.151713 0.057012 0.591740
1195 2 0.558896 -0.789400 0.253935 -0.784458 -0.602584 -0.146691 0.268815 -0.117217 -0.956033 -0.167593 0.030033 0.585151
1196 2 0.566675 -0.771108 0.290297 -0.775153 -0.618374 -0.129430 0.279317 -0.151680 -0.948143 -0.168008 0.032248 0.588067
1197 2 0.717920 -0.646184 0.258915 -0.652896 -0.754058 -0.071579 0.241490 -0.117657 -0.963244 -0.117884 0.090792 0.603106
1198 2 0.774221 -0.573061 0.268669 -0.582071 -0.811389 -0.053314 0.248547 -0.115107 -0.961756 -0.089605 0.129655 0.613209
1199 2 0.758855 -0.590995 0.273612 -0.603225 -0.796200 -0.046746 0.245477 -0.129577 -0.960703 -0.090993 0.126972 0.612182
1200 2 0.781652 -0.598536 0.175431 -0.586458 -0.801045 -0.119977 0.212338 -0.009102 -0.977154 -0.014176 0.183427 0.603078
1201 2 0.756301 -0.590064 0.282547 -0.601284 -0.797125 -0.055221 0.257809 -0.128127 -0.957663 -0.116322 0.108264 0.612810
1202 2 0.711391 -0.654623 0.255718 -0.641304 -0.753494 -0.144831 0.287491 -0.060961 -0.955841 -0.103502 0.099977 0.607446
1203 2 0.698996 -0.687501 0.196840 -0.586599 -0.708657 -0.392055 0.409030 0.158579 -0.898636 -0.087110 0.094146 0.592679
1204 2 0.715306 -0.639875 0.280886 -0.581662 -0.767952 -0.268179 0.387307 0.028449 -0.921512 -0.102564 0.108889 0.605739
1205 2 0.753231 -0.578010 0.313925 -0.560988 -0.813712 -0.152203 0.343419 -0.061464 -0.937169 -0.118811 0.133199 0.617538
1206 2 0.741095 -0.569984 0.354819 -0.566460 -0.814509 -0.125291 0.360417 -0.108138 -0.926502 -0.120462 0.134758 0.623488
1207 2 0.788667 -0.491266 0.369679 -0.486400 -0.866323 -0.113579 0.376059 -0.090235 -0.922192 -0.119884 0.118441 0.622265
1208 2 0.827301 -0.401508 0.392892 -0.387023 -0.914305 -0.119411 0.407167 -0.053269 -0.911799 -0.116846 0.093468 0.621570
1209 2 0.874197 -0.277493 0.398469 -0.276302 -0.959086 -0.061730 0.399296 -0.056134 -0.915102 -0.117868 0.070631 0.619803
1210 2 0.856381 -0.392438 0.335566 -0.425789 -0.904357 0.029006 0.292089 -0.167720 -0.941570 -0.105855 0.045168 0.624424
1211 2 0.906458 -0.309949 0.286821 -0.339386 -0.938856 0.058021 0.251300 -0.149937 -0.956225 -0.096594 0.035969 0.623053
1212 2 0.862273 -0.303920 0.405115 -0.282111 -0.952566 -0.114157 0.420594 -0.015853 -0.907111 -0.112969 0.074316 0.617857
1213 2 0.898705 -0.414511 -0.143211 -0.410358 -0.910025 0.058825 -0.154709 0.005901 -0.987942 0.047158 -0.041475 0.394435
1214 2 0.891368 -0.432163 -0.136742 -0.425040 -0.901710 0.079114 -0.157492 -0.012399 -0.987442 0.048128 -0.044657 0.395672
1215 2 0.901398 -0.397907 -0.170741 -0.395261 -0.917168 0.050721 -0.176780 0.021767 -0.984010 0.060086 -0.023181 0.398940
1216 2 0.881589 -0.426296 -0.202664 -0.424920 -0.903707 0.052511 -0.205534 0.039823 -0.977839 0.076793 0.007478 0.399156
1217 2 0.885403 -0.408995 -0.220873 -0.425119 -0.904674 -0.028952 -0.187977 0.119531 -0.974873 0.103181 0.050768 0.397319
1218 2 0.885564 -0.413723 -0.211208 -0.429669 -0.902347 -0.033983 -0.176523 0.120844 -0.976850 0.114506 0.063897 0.396546
1219 2 0.877098 -0.424763 -0.224220 -0.443690 -0.895307 -0.039543 -0.183950 0.134167 -0.973736 0.122199 0.075182 0.394914
1220 2 0.882418 -0.421972 -0.208033 -0.438724 -0.897732 -0.039995 -0.169881 0.126561 -0.977304 0.110581 0.062019 0.398808
1221 2 0.878528 -0.435601 -0.196063 -0.456772 -0.886167 -0.077893 -0.139814 0.157987 -0.977493 0.092790 0.041617 0.402721
1222 2 0.825377 -0.535228 -0.179675 -0.556130 -0.825612 -0.095315 -0.097326 0.178594 -0.979097 0.082487 0.022328 0.406515
1223 2 0.894526 -0.397549 -0.204397 -0.426857 -0.895426 -0.126513 -0.132727 0.200417 -0.970678 0.092675 0.030320 0.406234
1224 2 0.892707 -0.406041 -0.195458 -0.430026 -0.897249 -0.100108 -0.134727 0.173419 -0.975589 0.102337 0.034611 0.407190
1225 2 0.905570 -0.385905 -0.176127 -0.416714 -0.886936 -0.199235 -0.079327 0.253815 -0.963994 0.089490 0.032578 0.403020
1226 2 0.858839 -0.470598 -0.202317 -0.495671 -0.863141 -0.096429 -0.129248 0.183100 -0.974561 0.070474 0.022503 0.407524
1227 2 0.780218 -0.590142 -0.207345 -0.610189 -0.790990 -0.044777 -0.137583 0.161455 -0.977243 0.055752 0.017424 0.411409
1228 2 0.640635 -0.728257 -0.243369 -0.766144 -0.627349 -0.139488 -0.051094 0.275816 -0.959852 0.041543 0.013649 0.402847
1229 2 0.490903 -0.840941 -0.227667 -0.869290 -0.490157 -0.063880 -0.057873 0.229268 -0.971641 0.024546 0.010930 0.405435
1230 2 0.330486 -0.920776 -0.207247 -0.943071 -0.330858 -0.033903 -0.037352 0.206653 -0.977701 0.007323 0.014217 0.408543
1231 2 0.250352 -0.951148 -0.180670 -0.966820 -0.255412 0.004923 -0.050828 0.173443 -0.983531 -0.000781 0.021094 0.411390
1232 2 0.821477 -0.500558 -0.273162 -0.505658 -0.860860 0.056829 -0.263600 0.091443 -0.960288 -0.041238 0.087877 0.411279
1233 2 0.997218 -0.057307 0.047665 -0.057074 -0.998350 -0.006243 0.047944 0.003505 -0.998844 -0.087213 0.112454 0.412897
1234 2 0.992806 -0.113642 0.037710 -0.114372 -0.993278 0.017808 0.035433 -0.021993 -0.999130 -0.075557 0.100563 0.418162
1235 2 0.977531 0.133438 0.163180 0.149741 -0.984434 -0.092017 0.148361 0.114385 -0.982296 -0.133526 0.085511 0.487027
1236 2 0.983123 -0.042240 0.178001 -0.017741 -0.990406 -0.137042 0.182082 0.131572 -0.974441 -0.133651 0.134455 0.493430
1237 2 0.981382 -0.177944 0.072284 -0.164653 -0.973227 -0.160369 0.098886 0.145481 -0.984407 -0.121373 0.176565 0.533076
1238 2 0.974055 -0.191110 0.121220 -0.160145 -0.960523 -0.227483 0.159909 0.202168 -0.966208 -0.116332 0.190651 0.528238
1239 2 0.968814 -0.225599 0.102488 -0.196907 -0.952024 -0.234259 0.150420 0.206772 -0.966757 -0.114472 0.192299 0.527917
1240 2 0.985435 -0.063633 0.157697 -0.028524 -0.976062 -0.215616 0.167642 0.207977 -0.963660 -0.135266 0.130916 0.507108
1241 2 0.978664 -0.050950 0.199050 -0.015182 -0.984051 -0.177239 0.204906 0.170435 -0.963828 -0.137248 0.101786 0.496093
1242 2 0.977345 0.021972 0.210508 0.057265 -0.984953 -0.163061 0.203758 0.171422 -0.963897 -0.115034 0.084001 0.508130
1243 2 0.985693 0.045959 0.162166 0.072470 -0.984198 -0.161565 0.152178 0.171005 -0.973447 -0.070499 0.067854 0.532424
1244 2 0.993398 -0.071816 0.089456 -0.057288 -0.986169 -0.155526 0.099388 0.149374 -0.983773 -0.055858 0.072827 0.552110
1245 2 0.912539 -0.401420 0.078327 -0.391633 -0.912838 -0.115546 0.117883 0.074765 -0.990209 -0.049757 0.105797 0.557585
1246 2 0.852439 -0.520736 0.046698 -0.511809 -0.849381 -0.128852 0.106763 0.085938 -0.990564 -0.054729 0.119553 0.556920
1247 2 0.755787 -0.653184 0.046226 -0.627695 -0.742782 -0.232968 0.186507 0.147058 -0.971385 -0.048064 0.136303 0.551072
1248 2 0.507168 -0.860737 -0.043724 -0.852186 -0.493262 -0.174563 0.128686 0.125793 -0.983675 -0.037514 0.155531 0.549631
1249 2 0.358632 -0.930481 -0.074755 -0.919315 -0.338158 -0.201269 0.161998 0.140904 -0.976679 -0.034668 0.156380 0.549316
1250 2 0.453063 -0.890751 -0.036014 -0.875205 -0.436746 -0.208013 0.169558 0.125763 -0.977463 -0.052676 0.154428 0.522002
1251 2 0.514273 -0.852704 -0.091751 -0.856000 -0.503768 -0.116110 0.052786 0.138251 -0.988990 -0.065898 0.151237 0.509076
1252 2 0.315841 -0.946542 -0.065596 -0.941554 -0.304141 -0.144824 0.117132 0.107504 -0.987281 -0.049672 0.145732 0.517266
1253 2 0.381571 -0.923342 -0.042927 -0.917064 -0.372343 -0.142670 0.115750 0.093805 -0.988839 -0.040233 0.156130 0.538015
1254 2 0.422444 -0.896961 -0.130396 -0.895990 -0.391523 -0.209549 0.136904 0.205356 -0.969065 0.012530 0.172977 0.597485
1255 2 0.469516 -0.861311 -0.194160 -0.875545 -0.425824 -0.228242 0.113910 0.277159 -0.954048 0.039773 0.184410 0.624440
1256 2 0.442678 -0.863992 -0.239905 -0.888311 -0.386089 -0.248673 0.122227 0.323192 -0.938407 0.062346 0.191087 0.646242
1257 2 0.479279 -0.851917 -0.211019 -0.865682 -0.419277 -0.273500 0.144524 0.313758 -0.938439 0.012012 0.215070 0.636722
1258 2 0.437518 -0.879914 -0.185284 -0.881338 -0.378744 -0.282481 0.178384 0.286888 -0.941209 0.009246 0.214026 0.637258
1259 2 0.370590 -0.914729 -0.161042 -0.892130 -0.302331 -0.335708 0.258394 0.268080 -0.928098 0.022886 0.215554 0.640595
1260 2 0.388875 -0.907192 -0.160557 -0.888246 -0.322934 -0.326700 0.244531 0.269660 -0.931390 0.045853 0.203952 0.643149
1261 2 0.423373 -0.875983 -0.231104 -0.895700 -0.366457 -0.251857 0.135933 0.313629 -0.939766 0.101031 0.150438 0.645612
1262 2 0.381708 -0.885229 -0.265835 -0.923531 -0.353683 -0.148321 0.037277 0.302122 -0.952540 0.163394 0.087602 0.643195
1263 2 0.959876 0.141491 -0.242111 0.136923 -0.989939 -0.035679 -0.244723 0.001097 -0.969592 0.073870 -0.048526 0.372937
1264 2 0.944574 0.167856 -0.282142 0.156609 -0.985705 -0.062124 -0.288536 0.014494 -0.957359 0.083077 -0.038292 0.404656
1265 2 0.956025 0.178674 -0.232575 0.160794 -0.982516 -0.093850 -0.245278 0.052326 -0.968040 0.087271 -0.011147 0.433744
1266 2 0.948429 0.217075 -0.231000 0.180264 -0.968772 -0.170253 -0.260744 0.119832 -0.957942 0.095022 0.023350 0.469043
1267 2 0.953325 0.200905 -0.225410 0.166561 -0.972565 -0.162401 -0.251853 0.117277 -0.960633 0.094943 0.030177 0.474430
1268 2 0.939896 0.194066 -0.280952 0.146539 -0.972418 -0.181463 -0.308419 0.129386 -0.942410 0.131394 0.040717 0.491375
1269 2 0.925472 0.188986 -0.328307 0.127487 -0.971496 -0.199854 -0.356719 0.143104 -0.923186 0.156730 0.046915 0.501393
1270 2 0.951371 0.161809 -0.262126 0.120059 -0.978411 -0.168221 -0.283687 0.128570 -0.950259 0.111848 0.036752 0.480371
1271 2 0.961692 0.171197 -0.214102 0.140850 -0.978624 -0.149852 -0.235180 0.113955 -0.965248 0.075111 0.026795 0.460992
1272 2 0.964743 0.112071 -0.238142 0.083442 -0.988374 -0.127098 -0.249618 0.102746 -0.962878 0.061559 0.032109 0.457933
1273 2 0.977941 0.075444 -0.194779 0.055475 -0.992816 -0.106018 -0.201378 0.092874 -0.975101 0.042987 0.041785 0.450729
1274 2 0.978664 0.041146 -0.201307 0.020048 -0.994192 -0.105741 -0.204489 0.099449 -0.973804 0.036466 0.047713 0.447982
1275 2 0.977454 0.081193 -0.194914 0.066086 -0.994372 -0.082803 -0.200540 0.068055 -0.977319 0.043346 0.027933 0.437154
1276 2 0.969350 0.102945 -0.223077 0.087958 -0.993210 -0.076136 -0.229400 0.054181 -0.971823 0.037167 0.009961 0.425087
1277 2 0.974605 0.155037 -0.161581 0.126968 -0.976958 -0.171559 -0.184456 0.146687 -0.971833 0.051927 0.068702 0.482305
1278 2 0.980069 0.130753 -0.149560 0.090741 -0.964377 -0.248482 -0.176722 0.229958 -0.957021 0.067572 0.133393 0.535636
1279 2 0.973522 0.153948 -0.168984 0.088150 -0.934876 -0.343855 -0.210915 0.319855 -0.923692 0.075507 0.182746 0.565713
1280 2 0.962426 0.227078 -0.148902 0.155311 -0.910131 -0.384110 -0.222743 0.346552 -0.911201 0.086384 0.176998 0.567531
1281 2 0.930185 -0.102634 -0.352452 -0.240017 -0.896505 -0.372385 -0.277755 0.430981 -0.858550 0.123655 0.176875 0.569942
1282 2 -0.006410 -0.980881 -0.194504 -0.878654 0.098388 -0.467211 0.477415 0.167907 -0.862486 0.207733 0.108733 0.597580
1283 2 0.006036 -0.983234 -0.182246 -0.866247 0.085908 -0.492175 0.499579 0.160841 -0.851205 0.222068 0.111232 0.603369
1284 2 0.132948 -0.981574 -0.137249 -0.826521 -0.033377 -0.561915 0.546980 0.188144 -0.815729 0.245941 0.124536 0.612944
1285 2 0.207444 -0.972758 -0.103487 -0.789216 -0.103913 -0.605261 0.578018 0.207232 -0.789272 0.259187 0.135021 0.613332
1286 2 0.307326 -0.951218 -0.027099 -0.750652 -0.224827 -0.621269 0.584870 0.211274 -0.783129 0.278350 0.155858 0.619399
1287 2 0.282621 -0.957930 -0.049951 -0.760034 -0.191857 -0.620918 0.585213 0.213449 -0.782282 0.276664 0.151038 0.618402
1288 2 0.256293 -0.966545 0.010232 -0.716349 -0.197036 -0.669344 0.648967 0.164219 -0.742882 0.230378 0.218080 0.646854
1289 2 0.333964 -0.940271 -0.066013 -0.754596 -0.224734 -0.616506 0.564848 0.255704 -0.784578 0.288636 0.136971 0.608753
1290 2 0.341531 -0.936918 -0.074443 -0.761091 -0.229225 -0.606792 0.551450 0.263896 -0.791367 0.289742 0.137506 0.608088
1291 2 0.280858 -0.959646 0.014067 -0.713628 -0.218612 -0.665540 0.641758 0.176883 -0.746230 0.266926 0.176087 0.631682
1292 2 0.280321 -0.959854 -0.010068 -0.728877 -0.206017 -0.652913 0.624626 0.190363 -0.757366 0.266505 0.176905 0.630357
1293 2 0.261505 -0.965176 -0.007158 -0.732409 -0.193598 -0.652761 0.628643 0.175943 -0.757530 0.247814 0.170308 0.634079
1294 2 0.165732 -0.985816 -0.026451 -0.760989 -0.110783 -0.639237 0.627240 0.126071 -0.768555 0.151461 0.151470 0.640907
1295 2 0.126949 -0.991129 -0.039337 -0.784039 -0.075973 -0.616045 0.607591 0.109048 -0.786728 0.103911 0.148523 0.638655
1296 2 0.201649 -0.979198 0.022550 -0.737336 -0.166916 -0.654580 0.644727 0.115368 -0.755656 0.120852 0.148309 0.646159
1297 2 0.155532 -0.986520 -0.050870 -0.766904 -0.088129 -0.635682 0.622630 0.137881 -0.770273 0.108397 0.148087 0.638817
1298 2 0.095115 -0.992950 -0.070731 -0.799381 -0.033842 -0.599871 0.593248 0.113598 -0.796964 0.101936 0.149121 0.636784
1299 2 0.097944 -0.973425 -0.207005 -0.860308 0.021745 -0.509310 0.500276 0.227972 -0.835316 0.161977 0.040024 0.591182
1300 2 0.085922 -0.977151 -0.194405 -0.864178 0.024007 -0.502613 0.495796 0.211187 -0.842369 0.161994 0.039475 0.592358
1301 2 0.047755 -0.977280 -0.206503 -0.840572 0.072363 -0.536844 0.539590 0.199217 -0.818019 0.142633 0.088697 0.591794
1302 2 0.055841 -0.980681 -0.187473 -0.841967 0.054666 -0.536753 0.536632 0.187819 -0.822649 0.144167 0.088942 0.592862
1303 2 0.124182 -0.974635 -0.186185 -0.858511 -0.011451 -0.512667 0.497531 0.223506 -0.838158 0.162699 0.045103 0.592907
1304 2 0.162225 -0.941657 -0.294897 -0.830179 0.031295 -0.556618 0.533372 0.335115 -0.776667 0.266748 0.082434 0.569584
1305 2 0.081596 -0.970770 -0.225715 -0.860441 0.045677 -0.507499 0.502975 0.235624 -0.831563 0.177096 0.049677 0.587526
1306 2 0.086745 -0.986200 -0.141016 -0.869743 -0.005941 -0.493469 0.485821 0.165453 -0.858256 0.105049 0.023446 0.595185
1307 2 0.173634 -0.980623 -0.090720 -0.831326 -0.096563 -0.547332 0.527966 0.170453 -0.831984 0.120070 0.029870 0.603714
1308 2 0.205274 -0.977035 -0.057136 -0.812639 -0.137619 -0.566285 0.545418 0.162675 -0.822227 0.146465 0.034285 0.613596
1309 2 0.227143 -0.973797 -0.011221 -0.790911 -0.177737 -0.585550 0.568213 0.141878 -0.810558 0.159479 0.039125 0.622054
1310 2 0.233013 -0.971493 -0.043653 -0.794634 -0.164333 -0.584424 0.560590 0.170867 -0.810274 0.160103 0.038070 0.619786
1311 2 0.209014 -0.971192 -0.114450 -0.721083 -0.074006 -0.688884 0.660569 0.226515 -0.715779 0.205876 0.144827 0.648139
1312 2 0.184354 -0.979548 -0.080613 -0.771896 -0.093523 -0.628833 0.608433 0.178153 -0.773351 0.192828 0.114837 0.639271
1313 2 0.204467 -0.978230 -0.035488 -0.809836 -0.148682 -0.567503 0.549872 0.144775 -0.822606 0.160053 0.033178 0.617763
1314 2 0.248914 -0.963111 0.102272 -0.906569 -0.268849 -0.325351 0.340844 -0.011732 -0.940047 0.127968 -0.067067 0.583350
1315 2 0.267239 -0.962760 0.040933 -0.882677 -0.261610 -0.390437 0.386606 0.068209 -0.919719 0.115292 -0.088248 0.556081
1316 2 0.229394 -0.973254 0.012475 -0.864905 -0.209701 -0.456032 0.446451 0.093821 -0.889876 0.076799 -0.079493 0.537599
1317 2 0.066208 -0.996238 0.055905 -0.888344 -0.084367 -0.451361 0.454379 -0.019779 -0.890589 0.018059 -0.041713 0.564668
1318 2 0.077289 -0.989081 0.125481 -0.866241 -0.128929 -0.482704 0.493611 -0.071390 -0.866748 -0.026084 0.005707 0.583382
1319 2 0.089803 -0.989649 0.111941 -0.868580 -0.132819 -0.477418 0.487344 -0.054357 -0.871517 -0.038173 0.019638 0.583332
1320 2 0.118743 -0.988343 0.095278 -0.916295 -0.146038 -0.372930 0.382497 -0.043020 -0.922955 -0.086149 0.025191 0.566393
1321 2 0.952692 0.274982 -0.129471 0.224167 -0.923376 -0.311649 -0.205249 0.267883 -0.941335 -0.018840 0.013605 0.501828
1322 2 0.963727 0.247739 -0.099273 0.206059 -0.927076 -0.313161 -0.169616 0.281346 -0.944497 -0.015594 0.014043 0.500306
1323 2 0.946705 0.260020 -0.190101 0.170092 -0.904764 -0.390475 -0.273528 0.337330 -0.900772 0.024474 0.063890 0.541650
1324 2 0.935310 0.245691 -0.254621 0.117629 -0.894591 -0.431127 -0.333705 0.373286 -0.865620 0.052748 0.094301 0.563399
1325 2 0.908767 0.265531 -0.321926 0.095939 -0.883718 -0.458081 -0.406127 0.385404 -0.828568 0.086390 0.125726 0.585459
1326 2 0.895090 0.268107 -0.356275 0.085101 -0.887063 -0.453738 -0.437688 0.375817 -0.816817 0.105301 0.142239 0.594561
1327 2 0.904754 0.247742 -0.346474 0.072043 -0.890734 -0.448780 -0.419797 0.381074 -0.823743 0.090444 0.129847 0.584834
1328 2 0.913295 0.225968 -0.338866 0.076786 -0.912591 -0.401600 -0.399995 0.340759 -0.850816 0.073931 0.128246 0.583168
1329 2 0.916883 0.201600 -0.344504 0.053797 -0.917619 -0.393804 -0.395514 0.342539 -0.852195 0.077368 0.128203 0.582371
1330 2 0.836742 0.276148 -0.472870 0.031223 -0.886189 -0.462271 -0.546707 0.372037 -0.750134 0.201660 0.178074 0.560352
1331 2 0.907751 0.221032 -0.356557 0.064803 -0.913617 -0.401377 -0.414474 0.341244 -0.843661 0.103870 0.140676 0.580484
1332 2 0.893347 0.301078 -0.333591 0.130033 -0.883798 -0.449435 -0.430142 0.358123 -0.828689 0.096229 0.142758 0.580946
1333 2 0.035979 -0.881579 -0.470664 -0.953792 0.110292 -0.279495 0.298307 0.458971 -0.836874 0.174919 0.092424 0.574317
1334 2 0.121228 -0.948068 -0.294059 -0.866590 0.043384 -0.497131 0.484071 0.315095 -0.816327 0.178232 0.114797 0.586726
1335 2 0.317022 -0.919572 -0.232130 -0.831206 -0.151527 -0.534917 0.456721 0.362529 -0.812391 0.170181 0.143106 0.583904
1336 2 0.388891 -0.907781 -0.157151 -0.800363 -0.248417 -0.545627 0.456271 0.337968 -0.823161 0.162863 0.157293 0.586133
1337 2 0.345483 -0.909569 -0.230925 -0.844871 -0.194371 -0.498410 0.408453 0.367294 -0.835620 0.148378 0.136845 0.575067
1338 2 0.316276 -0.923365 -0.217639 -0.847873 -0.172226 -0.501447 0.425536 0.343126 -0.837367 0.144538 0.140192 0.583465
1339 2 0.323886 -0.938219 -0.121832 -0.814377 -0.210929 -0.540647 0.481547 0.274326 -0.832381 0.104268 0.180983 0.620341
1340 2 0.349811 -0.931684 -0.097964 -0.796775 -0.240887 -0.554187 0.492729 0.271916 -0.826607 0.103529 0.183797 0.620408
1341 2 0.327618 -0.937600 -0.116502 -0.808785 -0.214569 -0.547565 0.488400 0.273617 -0.828613 0.103562 0.181078 0.620652
1342 2 0.325325 -0.935968 -0.134639 -0.813067 -0.204181 -0.545190 0.482789 0.286835 -0.827430 0.103018 0.181888 0.619298
1343 2 0.349711 -0.931947 -0.095795 -0.800526 -0.244137 -0.547316 0.486683 0.268088 -0.831426 0.102712 0.183460 0.620901
1344 2 0.346330 -0.933472 -0.093194 -0.794837 -0.239218 -0.557681 0.498286 0.267216 -0.824807 0.103383 0.182994 0.620754
1345 2 0.326675 -0.938475 -0.112021 -0.807151 -0.215352 -0.549664 0.491722 0.269979 -0.827841 0.103123 0.182975 0.620538
1346 2 0.340628 -0.934821 -0.100407 -0.804544 -0.234555 -0.545612 0.486499 0.266632 -0.832001 0.102961 0.183200 0.621199
1347 2 0.353646 -0.929478 -0.104911 -0.802010 -0.243589 -0.545385 0.481368 0.277013 -0.831594 0.101658 0.182513 0.620971
1348 2 0.320932 -0.940719 -0.109773 -0.816286 -0.215963 -0.535758 0.480291 0.261548 -0.837206 0.102996 0.180697 0.621641
1349 2 0.333437 -0.937032 -0.103882 -0.807334 -0.226894 -0.544731 0.486860 0.265500 -0.832152 0.102735 0.181698 0.621345
1350 2 0.994166 0.023533 -0.105264 0.005977 -0.986429 -0.164078 -0.107697 0.162492 -0.980815 -0.098959 0.065990 0.546930
1351 2 0.998156 0.031024 -0.052169 0.019924 -0.979347 -0.201203 -0.057333 0.199793 -0.978159 -0.102273 0.088503 0.565503
1352 2 0.999165 -0.002092 -0.040812 -0.009198 -0.984577 -0.174711 -0.039817 0.174940 -0.983774 -0.139969 0.065346 0.557788
1353 2 0.996745 0.079141 0.015371 0.080620 -0.978720 -0.188701 0.000110 0.189326 -0.981914 -0.125530 0.042603 0.554060
1354 2 0.993485 0.111483 -0.023636 0.105413 -0.977791 -0.181146 -0.043305 0.177474 -0.983172 -0.108175 0.020339 0.554827
1355 2 0.428232 -0.879077 -0.209381 -0.899988 -0.393991 -0.186527 0.081478 0.268317 -0.959879 -0.025397 -0.028151 0.554236
1356 2 0.023460 -0.988460 -0.149654 -0.994465 -0.007739 -0.104779 0.102412 0.151284 -0.983171 0.018126 -0.085797 0.560473
1357 2 0.100216 -0.989193 -0.107027 -0.991484 -0.090296 -0.093836 0.083158 0.115519 -0.989818 0.034575 -0.091474 0.562004
1358 2 0.154821 -0.979986 -0.125132 -0.983924 -0.141537 -0.108909 0.089019 0.139981 -0.986144 0.039780 -0.088850 0.560511
1359 2 0.087752 -0.985078 -0.148055 -0.992465 -0.073698 -0.097889 0.085517 0.155529 -0.984123 0.036564 -0.091042 0.560228
1360 2 0.134294 -0.983126 -0.124212 -0.987832 -0.122894 -0.095318 0.078445 0.135501 -0.987667 0.038608 -0.089748 0.560550
1361 2 0.093062 -0.986408 -0.135421 -0.991382 -0.079206 -0.104346 0.092202 0.143964 -0.985278 0.028214 -0.085777 0.561651
1362 2 -0.021179 -0.989888 -0.140260 -0.997646 0.030076 -0.061622 0.065217 0.138624 -0.988195 0.008481 -0.086322 0.561955
1363 2 -0.079696 -0.982295 -0.169546 -0.991803 0.095182 -0.085251 0.099879 0.161363 -0.981828 -0.003636 -0.085127 0.559824
1364 2 -0.044018 -0.991054 -0.125993 -0.997462 0.050662 -0.050022 0.055958 0.123472 -0.990769 0.007217 -0.105793 0.547480
1365 2 -0.073198 -0.972506 -0.221077 -0.995886 0.083148 -0.036027 0.053419 0.217530 -0.974591 0.022770 -0.128729 0.516092
1366 2 -0.061522 -0.984335 -0.165224 -0.995875 0.071598 -0.055736 0.066693 0.161114 -0.984680 0.010160 -0.111365 0.540769
1367 2 -0.047142 -0.995626 -0.080659 -0.992733 0.055650 -0.106701 0.110723 0.075042 -0.991014 -0.011455 -0.089457 0.571357
1368 2 -0.118822 -0.986552 -0.112237 -0.985411 0.131040 -0.108602 0.121849 0.097695 -0.987729 -0.031023 -0.047727 0.594239
1369 2 -0.097412 -0.984421 -0.146378 -0.986035 0.115422 -0.120050 0.135075 0.132639 -0.981917 -0.001772 -0.028750 0.612195
1370 2 -0.090919 -0.982789 -0.160812 -0.973019 0.122053 -0.195797 0.212054 0.138671 -0.967369 0.047093 -0.003089 0.640615
1371 2 -0.024690 -0.979278 -0.201011 -0.961876 0.078053 -0.262110 0.272368 0.186876 -0.943871 0.087350 0.025644 0.657464
1372 2 -0.020204 -0.975680 -0.218265 -0.948014 0.088042 -0.305808 0.317587 0.200740 -0.926737 0.117936 0.043834 0.674028
1373 2 -0.075757 -0.980988 -0.178674 -0.957873 0.121379 -0.260282 0.277021 0.151429 -0.948856 0.071505 0.009990 0.654484
1374 2 -0.117475 -0.974399 -0.191692 -0.974611 0.150173 -0.166079 0.190614 0.167315 -0.967301 0.022837 0.013531 0.640171
1375 2 -0.103511 -0.983526 -0.148198 -0.984765 0.122272 -0.123645 0.139728 0.133142 -0.981198 -0.003861 -0.033856 0.635974
1376 2 -0.137860 -0.961705 -0.236895 -0.984861 0.158480 -0.070236 0.105089 0.223625 -0.968993 0.020162 -0.061798 0.596762
1377 2 -0.090490 -0.953541 -0.287352 -0.993703 0.105592 -0.037468 0.066069 0.282152 -0.957092 0.032140 -0.086921 0.565117
1378 2 0.004447 -0.978978 -0.203919 -0.999127 0.004123 -0.041584 0.041551 0.203926 -0.978104 0.058628 -0.124975 0.559725
1379 2 0.214065 -0.956861 -0.196451 -0.976330 -0.203221 -0.074032 0.030916 0.207649 -0.977715 0.097797 -0.120960 0.561483
