0:
- cam_R_m2c: [-0.11865426349004188, -0.9840084750434119, 0.13284760742435434, -0.9615979925929092,
    0.0805286238866117, -0.26238224287519235, 0.24748831567757598, -0.1588787644012512,
    -0.955775638853287]
  cam_t_m2c: [125.14844215678353, 82.28760282532824, 637.7555814540959]
  obj_bb: [308, 277, 151, 112]
  obj_id: 2
1:
- cam_R_m2c: [-0.09500983501477771, -0.9783097096720517, 0.18407401558028477, -0.9541163685974543,
    0.03674566024222932, -0.29717286489141265, 0.28396317793839376, -0.2038623761628144,
    -0.9369125066730508]
  cam_t_m2c: [112.30227582400211, 107.59612918680271, 643.1816762224562]
  obj_bb: [297, 298, 149, 112]
  obj_id: 2
2:
- cam_R_m2c: [-0.04413319093305166, -0.9727384334520881, 0.227666865273022, -0.9690605137485324,
    -0.013712786590711715, -0.24644204222767654, 0.24284559323054872, -0.23149924312855782,
    -0.942037217035191]
  cam_t_m2c: [116.31183172901936, 87.21010083388629, 621.4945549702425]
  obj_bb: [304, 274, 152, 117]
  obj_id: 2
3:
- cam_R_m2c: [-0.01986294742352489, -0.9670108426255982, 0.2539596297921796, -0.9871339722393532,
    -0.02134028599659731, -0.1584648637538911, 0.15865681255655595, -0.2538397574024094,
    -0.9541453733007774]
  cam_t_m2c: [112.88594406961143, 49.07326999066882, 582.609196331997]
  obj_bb: [302, 234, 160, 124]
  obj_id: 2
4:
- cam_R_m2c: [-0.03241676067379617, -0.9431095481455426, 0.33089807165368645, -0.9929658689945552,
    -0.007331829078720426, -0.11817371659657801, 0.1138768485659211, -0.33240130035706966,
    -0.9362379178828549]
  cam_t_m2c: [65.41513521478235, 40.08353541991534, 553.4801238185984]
  obj_bb: [247, 224, 170, 134]
  obj_id: 2
5:
- cam_R_m2c: [-0.14273226412695894, -0.8891488039576668, 0.4347894952708067, -0.96963377168754,
    0.03747520654719849, -0.24167324572082993, 0.1985896512414176, -0.45608114773019903,
    -0.8674976294520446]
  cam_t_m2c: [-3.110032535062632, 83.82594906976458, 547.9608831538725]
  obj_bb: [162, 281, 178, 141]
  obj_id: 2
6:
- cam_R_m2c: [-0.20285108066071203, -0.8566482824823354, 0.4743470872629517, -0.9487445562013936,
    0.05204727346365553, -0.31172880586051077, 0.2423534735732126, -0.5132687419325908,
    -0.8232982402519355]
  cam_t_m2c: [-35.06643932562367, 107.83130945089738, 536.4451135944947]
  obj_bb: [117, 314, 187, 147]
  obj_id: 2
7:
- cam_R_m2c: [-0.1910643784455054, -0.8751755181147421, 0.4444797135773753, -0.9361352662424726,
    0.026283205135070528, -0.35065646496958114, 0.29520360191970546, -0.4830910945364453,
    -0.8243044509119257]
  cam_t_m2c: [-14.364200945381434, 149.94791886560245, 531.5974732013541]
  obj_bb: [142, 365, 186, 115]
  obj_id: 2
8:
- cam_R_m2c: [-0.09642793460854845, -0.9473161547085451, 0.305440266591269, -0.9504921380624496,
    -0.0034363811013443496, -0.31072960394272037, 0.2954087827208308, -0.3202815859726286,
    -0.9000851941778927]
  cam_t_m2c: [79.79012056813929, 94.10314722318056, 544.2322356406731]
  obj_bb: [260, 288, 175, 137]
  obj_id: 2
9:
- cam_R_m2c: [0.018716786000461116, -0.9793915009999096, 0.20110188882990973, -0.9909455488511393,
    -0.044917994776886294, -0.12652783471370407, 0.1329533795506069, -0.19691282719611755,
    -0.9713643689943052]
  cam_t_m2c: [165.09648957086662, 51.71254289469374, 540.797612441694]
  obj_bb: [362, 234, 173, 134]
  obj_id: 2
10:
- cam_R_m2c: [0.06611356679647433, -0.991452719236821, 0.11247444955794111, -0.9964160386401708,
    -0.07156098436301113, -0.04510103610369324, 0.052764327211458795, -0.10908955511372567,
    -0.9926305429206839]
  cam_t_m2c: [231.21981644259694, 29.291170604357834, 524.6320656138441]
  obj_bb: [438, 204, 184, 136]
  obj_id: 2
11:
- cam_R_m2c: [0.055392819773761794, -0.9794073788948052, 0.19414639240511072, -0.9884738457879363,
    -0.08123010434768382, -0.12775416369289824, 0.14089390231915283, -0.18483196778174518,
    -0.9726181429395656]
  cam_t_m2c: [174.20237516202607, 53.23905515189404, 539.4506513676855]
  obj_bb: [371, 231, 175, 135]
  obj_id: 2
12:
- cam_R_m2c: [0.39572462758854876, -0.8887783414396867, 0.2312467922104529, -0.906520914269681,
    -0.41834995387442697, -0.056596361057288075, 0.14704370476687034, -0.18723347959428832,
    -0.9712475343636394]
  cam_t_m2c: [180.10172639988687, 107.68747049380758, 537.4781451197815]
  obj_bb: [375, 255, 180, 138]
  obj_id: 2
13:
- cam_R_m2c: [0.6258194199927084, -0.7549074321816884, 0.19612450738456846, -0.777556629750823,
    -0.6235963110951069, 0.08082900666911771, 0.061284101449981726, -0.20308227304573948,
    -0.977241960460174]
  cam_t_m2c: [175.95224570261956, 135.99926027335874, 541.0039760641598]
  obj_bb: [376, 267, 171, 161]
  obj_id: 2
14:
- cam_R_m2c: [0.7138036138575719, -0.6803400651825638, 0.16619806422234687, -0.7003320440650004,
    -0.6948931695008174, 0.16327434286147643, 0.004407822547349838, -0.2329396460212245,
    -0.9724812041432462]
  cam_t_m2c: [172.15800015889283, 146.16117685858748, 547.9241427917631]
  obj_bb: [377, 274, 163, 165]
  obj_id: 2
15:
- cam_R_m2c: [0.48376203191614436, -0.874159888929192, 0.042647216364804265, -0.8629292315892704,
    -0.48454407394894633, -0.14342308625081848, 0.14603916510688184, 0.03258111398127846,
    -0.9887421470062983]
  cam_t_m2c: [-73.69291187139568, 50.33916128403915, 577.9681586470235]
  obj_bb: [82, 183, 173, 133]
  obj_id: 2
16:
- cam_R_m2c: [0.4614544784794502, -0.8806236787965309, 0.10752534879795904, -0.8806837867025226,
    -0.4693291943594504, -0.06423531085948514, 0.10703192108228358, -0.06505415947326704,
    -0.9921250547207556]
  cam_t_m2c: [-121.38531863391773, -16.916028032089347, 558.3299606272726]
  obj_bb: [15, 104, 185, 141]
  obj_id: 2
17:
- cam_R_m2c: [0.48365460090957185, -0.8579016299123869, 0.1734445744688268, -0.8704087059635919,
    -0.4922691139668532, -0.007733305701602994, 0.09201582256214322, -0.1472274187369969,
    -0.9848132693918441]
  cam_t_m2c: [-158.89755582344492, -51.69887650052044, 548.2645055259718]
  obj_bb: [0, 55, 156, 151]
  obj_id: 2
18:
- cam_R_m2c: [0.46406168931487907, -0.8634497345616907, 0.1977404976113059, -0.8831671102770953,
    -0.4682133432929351, 0.02814463514166922, 0.06828326174858827, -0.1876987507891258,
    -0.97985028199066]
  cam_t_m2c: [-182.77918920931506, -80.24282114509698, 541.8410837746161]
  obj_bb: [0, 25, 127, 148]
  obj_id: 2
19:
- cam_R_m2c: [0.4928901512793997, -0.8591986477614598, 0.13724788689320402, -0.8629640284938905,
    -0.5028813712255126, -0.04902460606618088, 0.11114128079775933, -0.0942762438752603,
    -0.9893228014876673]
  cam_t_m2c: [-135.02536764382523, -20.809013395057132, 562.1626489231805]
  obj_bb: [1, 96, 185, 144]
  obj_id: 2
20:
- cam_R_m2c: [0.5814601502849991, -0.7883527064948774, 0.20100772072920065, -0.7965400820552002,
    -0.6019304430219182, -0.05660070178834132, 0.16561398283370204, -0.12719965379528086,
    -0.9779530953805092]
  cam_t_m2c: [-139.5085227446273, 15.015015491469251, 576.1647851534349]
  obj_bb: [7, 129, 177, 150]
  obj_id: 2
21:
- cam_R_m2c: [0.6848577985442936, -0.6722751916167085, 0.281097603173313, -0.6894047502203333,
    -0.7227281805169643, -0.048837152458738334, 0.23598916531634087, -0.1603435181831686,
    -0.9584357412106148]
  cam_t_m2c: [-152.7281429028883, 58.063888523307156, 592.6945800371669]
  obj_bb: [11, 168, 164, 156]
  obj_id: 2
22:
- cam_R_m2c: [0.6914975522346777, -0.6653229309862408, 0.2813832488925503, -0.6812893014781988,
    -0.7301533276950457, -0.05216326051158153, 0.24015832890990318, -0.1556326301253333,
    -0.9581766337661725]
  cam_t_m2c: [-147.84580974716587, 63.02185641919188, 593.4810533516279]
  obj_bb: [18, 173, 163, 156]
  obj_id: 2
23:
- cam_R_m2c: [0.7651565422012252, -0.5774669782515136, 0.2847232954215922, -0.5889636796207303,
    -0.8064317269201591, -0.052817174329759756, 0.26011007288122295, -0.12727827326624286,
    -0.957153588062067]
  cam_t_m2c: [-90.87266895617623, 128.2461078772321, 612.0004540680237]
  obj_bb: [100, 239, 144, 156]
  obj_id: 2
24:
- cam_R_m2c: [0.7963926893822652, -0.5630480846066651, 0.22076127087704725, -0.5592457617069783,
    -0.8245719715894647, -0.08558762575188722, 0.23022350512331488, -0.05529844563664657,
    -0.9715653449968799]
  cam_t_m2c: [-32.401894149688026, 172.82342534754667, 605.6365700385707]
  obj_bb: [164, 284, 140, 159]
  obj_id: 2
25:
- cam_R_m2c: [0.7401298681197308, -0.5943452947887664, 0.3145813867340599, -0.6171463170646829,
    -0.7861438696059813, -0.03329023301858722, 0.2670921220301484, -0.1695036484663037,
    -0.9486465682782204]
  cam_t_m2c: [-112.03870243292366, 109.8924921024095, 614.684070645487]
  obj_bb: [75, 221, 148, 154]
  obj_id: 2
26:
- cam_R_m2c: [0.7299463895116265, -0.6077724833127424, 0.31271532896038734, -0.6318833852258964,
    -0.7744726197391967, -0.030258036118811213, 0.2605794618046524, -0.17551287645688074,
    -0.9493648267570427]
  cam_t_m2c: [-104.26154193804106, 113.0291483292081, 612.7028173392208]
  obj_bb: [81, 225, 150, 154]
  obj_id: 2
27:
- cam_R_m2c: [0.7700039356537952, -0.530557243316197, 0.35440506576851377, -0.5610624115146402,
    -0.8275354838710761, -0.01984926496475642, 0.30381393888866143, -0.1835593487103895,
    -0.9348813058554412]
  cam_t_m2c: [-120.17417622603199, 142.24749504303549, 620.9424142118563]
  obj_bb: [76, 253, 141, 155]
  obj_id: 2
28:
- cam_R_m2c: [0.8886022817048633, -0.3077728882773951, 0.3400909204761298, -0.34881947678758624,
    -0.934909336018052, 0.06534145728341488, 0.29784384761573596, -0.1766929049726555,
    -0.9381197470311446]
  cam_t_m2c: [-129.45319570922604, 90.20993799208121, 621.1052583910342]
  obj_bb: [91, 196, 120, 160]
  obj_id: 2
29:
- cam_R_m2c: [0.9552490934832105, -0.004430389043913768, 0.29576940520010525, -0.05719319198976308,
    -0.9837862508030446, 0.1699810328269332, 0.2902207921385485, -0.17929022389357543,
    -0.9400143123520328]
  cam_t_m2c: [-117.30720420206819, 35.30951816867486, 621.4182561440803]
  obj_bb: [137, 148, 117, 154]
  obj_id: 2
30:
- cam_R_m2c: [0.8824826511587847, -0.44892352597547375, -0.1403283229769081, -0.4385475159851067,
    -0.8931843747823667, 0.09948743070320878, -0.1700013136039127, -0.02625529414006473,
    -0.9850940122153637]
  cam_t_m2c: [48.867271501387144, -41.18587512410556, 396.0629556351376]
  obj_bb: [226, 0, 192, 208]
  obj_id: 2
31:
- cam_R_m2c: [0.8903664245080957, -0.4237867791906945, -0.16629009559155103, -0.40955065728907925,
    -0.9051493797769453, 0.11389846093558234, -0.19878603880240894, -0.03330714747000591,
    -0.9794767708856901]
  cam_t_m2c: [65.02763404194005, -14.969341812570127, 393.0726477623107]
  obj_bb: [255, 0, 190, 252]
  obj_id: 2
32:
- cam_R_m2c: [0.9117928877086046, -0.3457569564889251, -0.22155328244808373, -0.34818467156397337,
    -0.9369680376205831, 0.029297285971951876, -0.21771808471482748, 0.050428399904715454,
    -0.9747080650487909]
  cam_t_m2c: [98.73237658603898, 51.903908827761526, 398.6358814468379]
  obj_bb: [323, 103, 180, 255]
  obj_id: 2
33:
- cam_R_m2c: [0.9374610649186267, -0.27512960912461226, -0.21323801242877163, -0.27579918386430713,
    -0.960830122756111, 0.0272081859788414, -0.2123712832315541, 0.033304254794473485,
    -0.9766213517383123]
  cam_t_m2c: [113.96410257669476, 73.78020518214488, 396.40536747289826]
  obj_bb: [359, 139, 183, 255]
  obj_id: 2
34:
- cam_R_m2c: [0.8800060454651413, -0.44148243833624357, -0.17516454146170346, -0.45543411871606865,
    -0.8890063606270291, -0.047407322999752616, -0.13479289096284663, 0.12149463941001609,
    -0.9833971370410373]
  cam_t_m2c: [87.69534160404014, 35.94058498173055, 404.9311062432575]
  obj_bb: [291, 85, 187, 243]
  obj_id: 2
35:
- cam_R_m2c: [0.9085569862260499, -0.38745248865207926, -0.15622026698590757, -0.4073292514966095,
    -0.9046445311269526, -0.1253042424553458, -0.09277436960200645, 0.1774791293065374,
    -0.979741840999732]
  cam_t_m2c: [91.11178708615836, 34.30795631384301, 406.89437650837766]
  obj_bb: [305, 84, 178, 238]
  obj_id: 2
36:
- cam_R_m2c: [0.9126286619911389, -0.391739536391909, -0.11682919557934306, -0.40395708577285944,
    -0.9080397715315015, -0.1108261980351108, -0.06267055262372355, 0.14833714620576696,
    -0.9869490832304201]
  cam_t_m2c: [88.29718100577963, 33.87295952306639, 409.6692763405212]
  obj_bb: [301, 84, 178, 237]
  obj_id: 2
37:
- cam_R_m2c: [0.7636021891674926, -0.6021084462290663, -0.2331890127733999, -0.6398927042572605,
    -0.7539494198247544, -0.14865261310937863, -0.0863077269828336, 0.2627274087824415,
    -0.9610022294133979]
  cam_t_m2c: [43.98052746374893, 15.798852952615468, 408.87117159078696]
  obj_bb: [206, 74, 201, 220]
  obj_id: 2
38:
- cam_R_m2c: [0.4210001947708605, -0.9004674948618911, -0.10916559302292755, -0.9069337796430184,
    -0.41989373920373674, -0.034064161811691675, -0.0151642785956463, 0.11334698264468351,
    -0.9934397345486135]
  cam_t_m2c: [16.062524582104327, 22.379828395822575, 412.297810289402]
  obj_bb: [128, 128, 236, 177]
  obj_id: 2
39:
- cam_R_m2c: [0.07149958705767108, -0.9896634370671289, -0.12431448179138171, -0.9946205874113865,
    -0.08010692993272288, 0.06567165959668417, -0.0749512918368419, 0.11895024636053131,
    -0.9900672415259267]
  cam_t_m2c: [-10.367450354322003, 25.701303014763052, 411.0109542777118]
  obj_bb: [96, 190, 229, 167]
  obj_id: 2
40:
- cam_R_m2c: [-0.5223678953162436, -0.8511105424020362, -0.052370092180462624, -0.849362989571975,
    0.513884674874201, 0.12043692488101156, -0.07559294866742206, 0.10739360102701216,
    -0.991338650800127]
  cam_t_m2c: [-31.117058738086374, 38.03375458584245, 408.3483451083861]
  obj_bb: [55, 277, 238, 194]
  obj_id: 2
41:
- cam_R_m2c: [-0.7608192731024841, -0.6489596445739875, -0.0023266693387490947, -0.6365797959992755,
    0.7455988903147313, 0.1971001219861677, -0.12617526303253232, 0.15143868223094567,
    -0.9803806039099439]
  cam_t_m2c: [-46.86292483860954, 0.7804613858635318, 402.0639999333398]
  obj_bb: [53, 221, 216, 224]
  obj_id: 2
42:
- cam_R_m2c: [-0.36790679832796624, -0.9292054246906692, 0.034955206615019045, -0.9290497144251738,
    0.36889691270970637, 0.027958825435823564, -0.038874360066357146, -0.022188882772252033,
    -0.9989977165192876]
  cam_t_m2c: [-69.89709327537837, -0.28925988484704634, 497.86317669371374]
  obj_bb: [44, 222, 205, 144]
  obj_id: 2
43:
- cam_R_m2c: [-0.555833605033565, -0.8302174892087798, 0.04228385184985516, -0.8310214300612372,
    0.5536309383518341, -0.053816046664950386, 0.02126937456455239, -0.06505155425919806,
    -0.9976552054663452]
  cam_t_m2c: [-83.38015167473021, 54.04498621464663, 534.1678021873846]
  obj_bb: [51, 288, 187, 159]
  obj_id: 2
44:
- cam_R_m2c: [-0.6944036007505058, -0.7193339740861292, 0.019033470261312028, -0.7182301877487133,
    0.6912301940434008, -0.07966314235059226, 0.04414789543319453, -0.06898878581464306,
    -0.996640110953117]
  cam_t_m2c: [-86.94099283949964, 90.57375524924971, 542.4944268724042]
  obj_bb: [60, 329, 175, 151]
  obj_id: 2
45:
- cam_R_m2c: [-0.650421791820463, -0.7584893652328053, 0.040563229084903535, -0.7588511506923123,
    0.646548247732671, -0.0782323107594681, 0.03311229104142123, -0.08166545280930346,
    -0.9961095973834603]
  cam_t_m2c: [-87.63331643659919, 68.47285678392585, 536.8279550901125]
  obj_bb: [52, 305, 182, 169]
  obj_id: 2
46:
- cam_R_m2c: [-0.5110853557377059, -0.8510689757981525, 0.1203052683150097, -0.8594839166707001,
    0.5074760425350263, -0.06128183448120055, -0.008896973353668368, -0.1347206913835876,
    -0.9908436704032945]
  cam_t_m2c: [-87.52674481591305, -1.1168466681008433, 513.0447112663569]
  obj_bb: [29, 221, 201, 160]
  obj_id: 2
47:
- cam_R_m2c: [-0.4793222060390543, -0.8772107715091121, -0.02741322940193775, -0.8776244157044762,
    0.47926046279527423, 0.009208352764563218, 0.00506041077695514, 0.028472287397544645,
    -0.9995817730896859]
  cam_t_m2c: [14.737350145516228, -35.66369885357394, 559.5814980561777]
  obj_bb: [176, 185, 175, 139]
  obj_id: 2
48:
- cam_R_m2c: [-0.7835070764641893, -0.6213769562827014, -0.0027091200389477606, -0.6203314449103028,
    0.781920384054175, 0.061558195685608906, -0.03613252808807568, 0.04991183428223781,
    -0.9980998192628566]
  cam_t_m2c: [-34.51474316317363, -16.29409497599179, 559.5148788044423]
  obj_bb: [142, 209, 154, 167]
  obj_id: 2
49:
- cam_R_m2c: [-0.9472108470887809, -0.31938120225088196, 0.028058132620255458, -0.3185141645936843,
    0.947397908975203, 0.03139950672543626, -0.03661062838223343, 0.02080504069197088,
    -0.9991130127124078]
  cam_t_m2c: [-69.97225968796201, 18.3277866211029, 559.096988387122]
  obj_bb: [136, 247, 127, 177]
  obj_id: 2
50:
- cam_R_m2c: [-0.9996433571014979, -0.024966381875940247, 0.009478310971463027, -0.02558016441725354,
    0.9971213859936704, -0.0713764441706638, -0.007669015010632705, -0.07159344502177789,
    -0.9974044138857018]
  cam_t_m2c: [-91.09590341145893, 59.71292998752491, 559.7776633518083]
  obj_bb: [144, 292, 127, 174]
  obj_id: 2
51:
- cam_R_m2c: [-0.9955396037323757, 0.0855650544767796, 0.039743161081754415, 0.08257823991462122,
    0.9940140040983799, -0.07153316677534731, -0.045625997994430754, -0.06793218021447665,
    -0.9966461193414241]
  cam_t_m2c: [-115.2941651760693, 67.0410085300907, 531.5807771086955]
  obj_bb: [118, 303, 135, 177]
  obj_id: 2
52:
- cam_R_m2c: [-0.9958823394431343, 0.08630407251195935, 0.02774838829771213, 0.08551070624599655,
    0.9959263770385346, -0.02861067346655371, -0.030104569463472355, -0.0261200801443896,
    -0.9992054124706641]
  cam_t_m2c: [-106.16711744514987, 68.34101563663155, 546.5034768234284]
  obj_bb: [136, 303, 130, 177]
  obj_id: 2
53:
- cam_R_m2c: [-0.9899469837573348, 0.07803255534510425, -0.11796562913013423, 0.08813974602051672,
    0.9926411589419574, -0.08303562335411778, 0.11061805694005811, -0.09259832547449949,
    -0.9895398908574252]
  cam_t_m2c: [-21.505982190527273, 98.2006973209558, 646.1378573442848]
  obj_bb: [246, 323, 108, 152]
  obj_id: 2
54:
- cam_R_m2c: [-0.9885978907370102, 0.017465870824609597, -0.14956321000390657, 0.03603717427933133,
    0.9918292012305677, -0.12237711246918344, 0.14620373627337882, -0.12637159072620763,
    -0.9811496769387597]
  cam_t_m2c: [-9.162248636085598, 105.4541157996339, 666.9454872114254]
  obj_bb: [254, 327, 105, 146]
  obj_id: 2
55:
- cam_R_m2c: [-0.9789661476477132, 0.15903049738193134, -0.12780681774557986, 0.17672948428461763,
    0.9739987049047314, -0.14175052814151887, 0.1019410179676926, -0.1613562014499659,
    -0.9816171377422815]
  cam_t_m2c: [-42.02175925676234, 144.9043823072798, 662.8068666109587]
  obj_bb: [235, 364, 106, 116]
  obj_id: 2
56:
- cam_R_m2c: [-0.9648235937005735, 0.15969012020836568, -0.20884084501492697, 0.17321104295872006,
    0.9837133180332968, -0.04802127154787398, 0.1977709979644727, -0.08250559636630678,
    -0.9767699109474949]
  cam_t_m2c: [31.45660146823173, 72.35946271506597, 667.6100727749424]
  obj_bb: [305, 296, 105, 147]
  obj_id: 2
57:
- cam_R_m2c: [-0.529474619095181, -0.828850709391004, -0.1807294366616637, -0.8434397883661344,
    0.5371722158051669, 0.007438680518579849, 0.0909172763280075, 0.15637299034359012,
    -0.983504721267824]
  cam_t_m2c: [-41.1135048937962, -52.99753175916477, 526.3684440431424]
  obj_bb: [109, 160, 177, 153]
  obj_id: 2
58:
- cam_R_m2c: [-0.5332855807932969, -0.8327201309364547, -0.14894184385567946, -0.8389605238419238,
    0.5431891870064257, -0.03302645234024873, 0.10840539079234306, 0.10734379652533119,
    -0.988294278337524]
  cam_t_m2c: [-71.29116666790331, -23.062731705712537, 567.1334319023365]
  obj_bb: [88, 199, 167, 143]
  obj_id: 2
59:
- cam_R_m2c: [-0.32855861885698406, -0.9343253430182797, -0.13814987285034186, -0.9385040500004921,
    0.3394002056672199, -0.06338492348913233, 0.10611023563947726, 0.10882855225915392,
    -0.9883809812545523]
  cam_t_m2c: [-50.56405872262302, -55.33520811320617, 564.9541064588947]
  obj_bb: [107, 160, 171, 122]
  obj_id: 2
60:
- cam_R_m2c: [-0.05402116599501723, -0.9872561082826176, -0.14968998057050972, -0.9940078466571934,
    0.06743451839771501, -0.08602898646617795, 0.09502691412683244, 0.14414562909477702,
    -0.9849832096053225]
  cam_t_m2c: [-0.3994144106491404, -75.5470715825335, 563.2054900409702]
  obj_bb: [168, 108, 165, 120]
  obj_id: 2
61:
- cam_R_m2c: [0.17136845229527073, -0.9711355869185507, -0.16591722447740367, -0.984961364452295,
    -0.16511825097221325, -0.05086328471648409, 0.02199918394387515, 0.17213841818791886,
    -0.9848270918742863]
  cam_t_m2c: [42.23129198631126, -86.49692571850505, 553.463918046462]
  obj_bb: [208, 68, 173, 123]
  obj_id: 2
62:
- cam_R_m2c: [0.17068904076534924, -0.9715227517446852, -0.16434352498665497, -0.9850695271222709,
    -0.16445694384607118, -0.0509111024818274, 0.02243386051730492, 0.1705797656911409,
    -0.9850884556419515]
  cam_t_m2c: [41.85154785004954, -86.79772004790422, 553.6124946390312]
  obj_bb: [208, 68, 172, 123]
  obj_id: 2
63:
- cam_R_m2c: [-0.040501220120464136, -0.9863258709495993, -0.15975270722046772, -0.9981722903060314,
    0.04711695572102121, -0.037842718570361665, 0.044852313585432596, 0.1579280493740681,
    -0.9864314477889157]
  cam_t_m2c: [3.415140218267594, -82.60158803886878, 557.4688196033063]
  obj_bb: [171, 97, 166, 122]
  obj_id: 2
64:
- cam_R_m2c: [-0.04975076829024852, -0.9800059956019321, -0.19264763076351632, -0.9987597946659582,
    0.04918957928397158, 0.007697911968790175, 0.0019322560242810288, 0.19279168517893086,
    -0.9812378063000451]
  cam_t_m2c: [24.41103666811845, -120.9377095254472, 525.5966113711652]
  obj_bb: [187, 44, 176, 130]
  obj_id: 2
65:
- cam_R_m2c: [-0.029682886561615267, -0.9922547887912649, -0.12062072942149128, -0.9977732688490015,
    0.03662410211079587, -0.05574207670114239, 0.05972796845488991, 0.11869755374640342,
    -0.9911324132117119]
  cam_t_m2c: [-6.321460424570813, -92.03329375463711, 560.503279319272]
  obj_bb: [161, 85, 166, 122]
  obj_id: 2
66:
- cam_R_m2c: [-0.06780785082960455, -0.9841273925895168, -0.16399808084495834, -0.9861352229654557,
    0.09106381055900542, -0.13872528404492415, 0.15145764223947702, 0.15231762065313706,
    -0.9766575270000358]
  cam_t_m2c: [20.717492463543103, -14.438090836698828, 620.4942762795866]
  obj_bb: [203, 183, 149, 109]
  obj_id: 2
67:
- cam_R_m2c: [0.02161221368955124, -0.9666183924055494, -0.2553072574032093, -0.9674482536543365,
    0.044184195778572244, -0.24918192820623108, 0.25214438070401585, 0.2523819333999805,
    -0.9341983574020434]
  cam_t_m2c: [124.62501167526493, 50.179112703697314, 668.7444286792097]
  obj_bb: [308, 242, 138, 99]
  obj_id: 2
68:
- cam_R_m2c: [-0.09341754584418685, -0.9760427141379073, -0.19650389896069867, -0.9770920405837435,
    0.12778097595537327, -0.17018568215860072, 0.19121795510972603, 0.17610406685309551,
    -0.9656205524332294]
  cam_t_m2c: [24.485355438660374, 12.677108479282703, 636.4464746694374]
  obj_bb: [209, 214, 146, 106]
  obj_id: 2
69:
- cam_R_m2c: [-0.10914161367943542, -0.9803088142052823, -0.16456833521331615, -0.9868002295666383,
    0.1267791282124675, -0.10075891810116284, 0.11963868559407943, 0.15139908005374486,
    -0.9812058415379521]
  cam_t_m2c: [2.2662536196152874, -36.93319747221368, 629.8744025645808]
  obj_bb: [185, 166, 149, 107]
  obj_id: 2
70:
- cam_R_m2c: [-0.13210560752743444, -0.9604273296671946, -0.24520899838331667, -0.9910563122785934,
    0.12327108650979751, 0.05110406171185758, -0.018854557872376276, 0.2497670587948618,
    -0.9681223693254905]
  cam_t_m2c: [14.87376707892351, -119.55722174298204, 553.618993360658]
  obj_bb: [182, 66, 168, 122]
  obj_id: 2
71:
- cam_R_m2c: [0.2364982440116709, -0.9379861230907118, -0.2534770472225295, -0.9713266679488566,
    -0.23477575811073753, -0.03748129580071115, -0.024353330588815378, 0.2550732763203248,
    -0.9666149900536652]
  cam_t_m2c: [98.85353939343318, -112.80528466178262, 554.0947148456366]
  obj_bb: [272, 35, 172, 121]
  obj_id: 2
72:
- cam_R_m2c: [-0.48391260784732215, -0.793326638920738, -0.3694068650487281, -0.8744064108962598,
    0.4553290704305144, 0.16759733352414996, 0.03524225517649601, 0.40411419376162616,
    -0.9140293769078027]
  cam_t_m2c: [91.25801878965073, -123.08328242120123, 364.46391032222215]
  obj_bb: [249, 0, 250, 217]
  obj_id: 2
73:
- cam_R_m2c: [-0.400933350300547, -0.834273203535245, -0.37847149229475496, -0.9125189588476842,
    0.4002182963000984, 0.08446576259162808, 0.08100369349799766, 0.3792275532838912,
    -0.9217509774716792]
  cam_t_m2c: [144.23448029511175, -117.57932627214788, 387.78120334395186]
  obj_bb: [328, 21, 245, 195]
  obj_id: 2
74:
- cam_R_m2c: [-0.3662332099836658, -0.8544955392620933, -0.3683892089709537, -0.9097818205541938,
    0.4119359777041224, -0.0510469319552696, 0.1953721446218915, 0.31645872346031734,
    -0.9282691427876452]
  cam_t_m2c: [162.0713816093323, -56.31714709931203, 462.8946667103365]
  obj_bb: [347, 142, 208, 155]
  obj_id: 2
75:
- cam_R_m2c: [-0.3548963387745942, -0.8116977300579646, -0.4638915646389107, -0.8994267560466929,
    0.4318284186897979, -0.0674961281792654, 0.255108014832368, 0.3932823563683181,
    -0.8833169810083309]
  cam_t_m2c: [219.10000404496338, -41.46480703857028, 485.99355060506986]
  obj_bb: [416, 166, 201, 148]
  obj_id: 2
76:
- cam_R_m2c: [-0.4095965874813489, -0.8503532690838588, -0.3303482303297969, -0.8971553957878023,
    0.44111104223694747, -0.023092081445079515, 0.1653566791286819, 0.286915259571583,
    -0.9435766012849756]
  cam_t_m2c: [125.52826858369212, -58.21034132426263, 447.859904780811]
  obj_bb: [300, 136, 212, 166]
  obj_id: 2
77:
- cam_R_m2c: [-0.5479990590394179, -0.7799957332740174, -0.30216500023371473, -0.8297185889273592,
    0.5526990334984543, 0.07804384382042573, 0.10613243839799845, 0.2934798705945655,
    -0.9500555094706269]
  cam_t_m2c: [80.6686969658197, -48.013897939763524, 436.4232761967927]
  obj_bb: [244, 151, 209, 184]
  obj_id: 2
78:
- cam_R_m2c: [-0.48692691247172365, -0.8121425847683458, -0.3214445580757983, -0.8667028774276685,
    0.49489013837378204, 0.06252897887363248, 0.10829729530027384, 0.30904396604070705,
    -0.9448616421913191]
  cam_t_m2c: [96.23387413748854, -74.6612644410031, 418.4615726868341]
  obj_bb: [261, 105, 221, 187]
  obj_id: 2
79:
- cam_R_m2c: [-0.41841223378661163, -0.8548460567357818, -0.306870366606133, -0.8514347186314244,
    0.48679895339251944, -0.19515557610525747, 0.3162121479746234, 0.17962460371350103,
    -0.9315282492839618]
  cam_t_m2c: [133.1415409987746, 71.59257543403322, 561.4924102812585]
  obj_bb: [311, 302, 169, 136]
  obj_id: 2
80:
- cam_R_m2c: [-0.3466211308301806, -0.8927410988957653, -0.2878665003163597, -0.8607818958275116,
    0.4246749737718975, -0.2805453518906232, 0.372704064208592, 0.15054732476606825,
    -0.9156566952347249]
  cam_t_m2c: [152.21562947302237, 93.80604055554275, 580.5202561677033]
  obj_bb: [329, 323, 166, 124]
  obj_id: 2
81:
- cam_R_m2c: [-0.07462141622199006, -0.9745827006374289, -0.21123494942665189, -0.8842987635233631,
    0.16257812627983179, -0.43770315247481373, 0.4609201026990204, 0.1541327754684081,
    -0.873954087154657]
  cam_t_m2c: [211.03346620090252, 106.82075751233408, 600.5594752680341]
  obj_bb: [390, 309, 163, 113]
  obj_id: 2
82:
- cam_R_m2c: [0.17898660748434345, -0.9789302126756998, -0.09828241476457056, -0.8245626814161133,
    -0.09476252105928665, -0.5577781360167839, 0.5367123799178805, 0.18087482774890973,
    -0.8241505432441862]
  cam_t_m2c: [257.61425622659965, 136.66038958860676, 612.3367418012627]
  obj_bb: [438, 312, 161, 107]
  obj_id: 2
83:
- cam_R_m2c: [0.2895397210298739, -0.9565307669077887, -0.03486605662733294, -0.7711306246500667,
    -0.21153060019700326, -0.6005100872650629, 0.5670311364226313, 0.20075780716847147,
    -0.7988566787529325]
  cam_t_m2c: [277.2858623006986, 155.52376348365766, 617.6785419709621]
  obj_bb: [455, 318, 163, 105]
  obj_id: 2
84:
- cam_R_m2c: [0.24313300518558106, -0.9698378191269843, 0.017347806214142447, -0.7376957877901282,
    -0.19648983620796917, -0.6459076318976791, 0.6298343166787044, 0.14424406004401252,
    -0.7632184383752065]
  cam_t_m2c: [230.36838426381615, 218.26658424039974, 646.6021241889129]
  obj_bb: [406, 374, 152, 104]
  obj_id: 2
85:
- cam_R_m2c: [0.27375598252277733, -0.9595619596204571, -0.06556300544009294, -0.7949109083087048,
    -0.18735303903568787, -0.5770749402078749, 0.5414557321562116, 0.21009446545171254,
    -0.8140552841802211]
  cam_t_m2c: [287.1803091613532, 131.93723458249835, 609.378739610659]
  obj_bb: [467, 299, 165, 105]
  obj_id: 2
86:
- cam_R_m2c: [0.30409531048863836, -0.9526412104073321, -0.0008754270223714777, -0.7459446540733263,
    -0.23754334073748068, -0.6222055402603727, 0.5925306871363236, 0.1898628070605984,
    -0.7828534341093649]
  cam_t_m2c: [267.11165736456024, 180.2643501685358, 629.3926145311017]
  obj_bb: [443, 337, 159, 104]
  obj_id: 2
87:
- cam_R_m2c: [0.2757035364413124, -0.9610134693752048, -0.020992181239370244, -0.7483260485916114,
    -0.20087670148251174, -0.6321840521563094, 0.6033205491221225, 0.19000437489947042,
    -0.7745338291682569]
  cam_t_m2c: [244.95863566565845, 172.30562699136044, 629.4420707324829]
  obj_bb: [421, 334, 158, 102]
  obj_id: 2
88:
- cam_R_m2c: [0.10735659851752448, -0.9938776201787319, -0.02611200610079023, -0.7765513210501224,
    -0.06742319615707176, -0.6264360768628154, 0.6208402423571278, 0.08752935923349187,
    -0.779035303912549]
  cam_t_m2c: [121.2194539387921, 149.44911223613047, 638.552896019522]
  obj_bb: [301, 326, 151, 101]
  obj_id: 2
89:
- cam_R_m2c: [0.1656704829534989, -0.9857369562912977, 0.029596352469912934, -0.7457059541082278,
    -0.14485517607148884, -0.6503380720616285, 0.6453494565624831, 0.0856716462247975,
    -0.7590681444690202]
  cam_t_m2c: [120.16606854683329, 147.86396920411772, 643.9669251185454]
  obj_bb: [299, 317, 152, 98]
  obj_id: 2
90:
- cam_R_m2c: [0.03944353770659034, -0.9975557645343912, -0.05767758643871579, -0.7833709229516385,
    0.004961828446200495, -0.6215346951959874, 0.6203017043399827, 0.06969847130803675,
    -0.7812604678916218]
  cam_t_m2c: [101.6879325695196, 147.50608467257845, 632.9447753670231]
  obj_bb: [282, 332, 151, 103]
  obj_id: 2
91:
- cam_R_m2c: [0.04040253650592905, -0.9813956666196814, -0.18769704468637435, -0.8667544165172644,
    0.05903223875312823, -0.4952292158542455, 0.49709598317800185, 0.182695758921507,
    -0.8482439762122633]
  cam_t_m2c: [163.44070489237117, 40.91804822166448, 588.2312988944939]
  obj_bb: [347, 234, 159, 107]
  obj_id: 2
92:
- cam_R_m2c: [0.014602608996389085, -0.984849527711503, -0.17279517231950692, -0.8301576878438923,
    0.08438439882840353, -0.5511056945342259, 0.5573373997177842, 0.15149482169631556,
    -0.8163481744176441]
  cam_t_m2c: [142.29567263724735, 91.02970016385265, 593.2134888869294]
  obj_bb: [325, 287, 157, 108]
  obj_id: 2
93:
- cam_R_m2c: [0.11960006653978862, -0.9436546207006329, -0.30856406290108246, -0.8357338745936065,
    0.07208479810189407, -0.5443828365583981, 0.5359521573241743, 0.32298566332417017,
    -0.7800227857868062]
  cam_t_m2c: [269.6555033810023, 88.28606560104635, 563.267959768545]
  obj_bb: [461, 284, 172, 111]
  obj_id: 2
94:
- cam_R_m2c: [0.011551603804428566, -0.9915363176627795, -0.1293146983342631, -0.8660356925036726,
    0.054725658936813824, -0.4969781499861096, 0.4998487168726454, 0.11773203901091439,
    -0.8580736723796523]
  cam_t_m2c: [114.3207232539394, 27.217150955078026, 591.3518251750519]
  obj_bb: [295, 220, 159, 106]
  obj_id: 2
95:
- cam_R_m2c: [0.04403001108941278, -0.991487268695399, -0.12253307365117416, -0.8774782639910037,
    0.02025348400744235, -0.4791885772938407, 0.47759109533868094, 0.1286187871210818,
    -0.8691167661785737]
  cam_t_m2c: [116.5299038241104, 24.946447747221598, 602.0626353195406]
  obj_bb: [296, 215, 158, 104]
  obj_id: 2
96:
- cam_R_m2c: [0.21475158267275377, -0.9758761804639758, -0.03933749029347705, -0.8159583301964911,
    -0.15713374953055412, -0.5563461046339978, 0.5367436642593013, 0.15157395937795867,
    -0.8300190200929058]
  cam_t_m2c: [162.90652975792028, 37.87913353132848, 617.3509669168666]
  obj_bb: [341, 212, 159, 97]
  obj_id: 2
97:
- cam_R_m2c: [0.20975366293313635, -0.9735339018219378, -0.0907476880668921, -0.7584834360133188,
    -0.10344259167073287, -0.6434302662463679, 0.6170140016073882, 0.20379247344246,
    -0.7601068014355893]
  cam_t_m2c: [189.59363775593613, 112.95115804702127, 638.7441969981215]
  obj_bb: [366, 288, 153, 95]
  obj_id: 2
98:
- cam_R_m2c: [0.1928088830818132, -0.980520203327095, -0.03748153508244412, -0.8152020826295083,
    -0.13880635302024968, -0.5622973953680831, 0.5461412812462141, 0.13897095822009217,
    -0.8260852097030508]
  cam_t_m2c: [162.8991630384523, 35.37702719325812, 615.6879264128963]
  obj_bb: [341, 211, 159, 97]
  obj_id: 2
99:
- cam_R_m2c: [0.20582081281642414, -0.9706337595562974, 0.12453071035368986, -0.9043587109602865,
    -0.23727873978644667, -0.3547310552455265, 0.37386242780177253, -0.039609398568569654,
    -0.926637998693773]
  cam_t_m2c: [105.56336460032122, -88.92552661976869, 563.3727390650278]
  obj_bb: [281, 55, 176, 114]
  obj_id: 2
100:
- cam_R_m2c: [0.060748825028752944, -0.9941969185652798, 0.08878100795174942, -0.935850089525985,
    -0.08766329803852518, -0.34132060604542314, 0.3471227307334283, -0.06235088846449058,
    -0.9357447175997613]
  cam_t_m2c: [45.333360290466096, -73.19255474615002, 542.9864441741108]
  obj_bb: [210, 84, 181, 120]
  obj_id: 2
101:
- cam_R_m2c: [-0.004448960517362186, -0.9788222702618441, 0.2046635531543536, -0.8727484773978327,
    -0.09610779635634879, -0.4786161161926037, 0.48814987652367614, -0.1807491485982066,
    -0.8538380662227139]
  cam_t_m2c: [-35.542140180587296, 18.231960192702346, 590.6479739893508]
  obj_bb: [129, 193, 171, 111]
  obj_id: 2
102:
- cam_R_m2c: [-0.2803741963759088, -0.9255915703193244, -0.2543040600548307, -0.91305914625338,
    0.33890695892805006, -0.2268591383065491, 0.2961643217026864, 0.1685891993692021,
    -0.9401406152307427]
  cam_t_m2c: [53.82303450593749, -67.0825534779396, 512.9245912432648]
  obj_bb: [216, 135, 184, 133]
  obj_id: 2
103:
- cam_R_m2c: [-0.28015255817906703, -0.8976353328520449, -0.340243079814011, -0.8798947399011371,
    0.3818230611492349, -0.2828363425533189, 0.38379654875993247, 0.22014077130378773,
    -0.896793315078641]
  cam_t_m2c: [94.92694272051747, -19.194281887011368, 549.0035907622994]
  obj_bb: [270, 197, 170, 127]
  obj_id: 2
104:
- cam_R_m2c: [-0.27790863738457094, -0.8682800207894714, -0.4109216406626528, -0.8520196095827786,
    0.4203681184323069, -0.3120147911431313, 0.44365456624885646, 0.2634016903960891,
    -0.8566155353150106]
  cam_t_m2c: [133.99514032549862, 19.453843153844645, 576.8176493100985]
  obj_bb: [314, 241, 162, 123]
  obj_id: 2
105:
- cam_R_m2c: [-0.25849982221035817, -0.8245797813419862, -0.5032355572882503, -0.8047862096779921,
    0.47196962503480255, -0.35994976004525875, 0.5343191917097352, 0.3119500877488424,
    -0.7856145009635103]
  cam_t_m2c: [194.03076877947626, 78.22334955678829, 608.7631620604548]
  obj_bb: [375, 301, 154, 119]
  obj_id: 2
106:
- cam_R_m2c: [-0.3403975874759481, -0.815882368871061, -0.46740286970225203, -0.8232692142136431,
    0.4987584045755811, -0.2710495430604372, 0.45426565286031156, 0.29253378271674385,
    -0.8414669943621247]
  cam_t_m2c: [139.97921684367105, 39.73191708555635, 586.7566436946529]
  obj_bb: [323, 264, 157, 128]
  obj_id: 2
107:
- cam_R_m2c: [-0.2572889408837088, -0.7570836423273501, -0.6005220723830997, -0.7889747038638488,
    0.5233999583473244, -0.32182510819538573, 0.5579617527769194, 0.39099468298478496,
    -0.7319848634471453]
  cam_t_m2c: [266.98735149726036, 88.59588407843606, 557.1315951263325]
  obj_bb: [458, 319, 173, 132]
  obj_id: 2
108:
- cam_R_m2c: [-0.21819505402461242, -0.8628529639106162, -0.45593385602504005, -0.8542503895897078,
    0.39475872752620816, -0.33826294347404073, 0.47185505219826734, 0.31567437291068534,
    -0.823226882458546]
  cam_t_m2c: [170.22404805978755, 65.65656320145419, 584.4287044522633]
  obj_bb: [352, 291, 161, 115]
  obj_id: 2
109:
- cam_R_m2c: [0.2805745256630906, -0.9361944619980485, -0.21170230247476396, -0.8391788612222808,
    -0.13220584124873694, -0.5275418982577496, 0.4658935226278723, 0.32567091497998174,
    -0.8227281937003823]
  cam_t_m2c: [170.21599451654834, 141.16951162902384, 585.1043560791904]
  obj_bb: [347, 314, 167, 110]
  obj_id: 2
110:
- cam_R_m2c: [0.41626190260647766, -0.9003831682536093, -0.12663403477749405, -0.7833905970285607,
    -0.28445160335014263, -0.5526178225851641, 0.4615465317014852, 0.329237658352026,
    -0.8237580733426557]
  cam_t_m2c: [162.5856507027219, 161.7825618227945, 584.8836647919693]
  obj_bb: [339, 318, 168, 115]
  obj_id: 2
111:
- cam_R_m2c: [0.34308138509089, -0.9239042250537858, -0.16939936874699232, -0.8267835999163063,
    -0.2114411816838761, -0.5212691297185732, 0.4457847486327331, 0.31889435494515916,
    -0.8364103946452132]
  cam_t_m2c: [132.93620576890575, 154.38056504875502, 592.6028819412694]
  obj_bb: [308, 318, 164, 110]
  obj_id: 2
112:
- cam_R_m2c: [0.3458736250488719, -0.9328311058137781, -0.1009829862986665, -0.802968788067701,
    -0.23859715111246355, -0.546179938179813, 0.48539938286388506, 0.26999542127091813,
    -0.8315587240887439]
  cam_t_m2c: [102.2875645799267, 186.1424836985579, 618.0623936306882]
  obj_bb: [277, 343, 158, 108]
  obj_id: 2
113:
- cam_R_m2c: [0.3455419226334251, -0.9329566321135503, -0.10095891391124395, -0.8028529956958048,
    -0.23821427411759402, -0.5465171789696095, 0.4858269722906176, 0.26989976324919157,
    -0.8313400452239517]
  cam_t_m2c: [102.69649787227938, 185.49224228462097, 618.8491415382179]
  obj_bb: [278, 342, 157, 108]
  obj_id: 2
114:
- cam_R_m2c: [0.3456568611043848, -0.9329001887047598, -0.1010869540845302, -0.802700022344568,
    -0.2381694551364118, -0.546761359980801, 0.4859979511268483, 0.2701343157665249,
    -0.831163908591956]
  cam_t_m2c: [102.56028455749667, 186.0815329128337, 618.9271648720053]
  obj_bb: [278, 342, 157, 108]
  obj_id: 2
115:
- cam_R_m2c: [0.34519737536635, -0.9330891935132325, -0.10091248182959642, -0.8027297328715529,
    -0.23782779570125348, -0.5468664512985304, 0.4862753828893135, 0.2697823132466399,
    -0.8311159699194471]
  cam_t_m2c: [102.61207656791599, 185.49370788829344, 618.7368098539685]
  obj_bb: [278, 342, 157, 108]
  obj_id: 2
116:
- cam_R_m2c: [0.3456000234461025, -0.9329220744697537, -0.10107930926309747, -0.8027718611530239,
    -0.2381568925004525, -0.5466613517484461, 0.4859197081154085, 0.27006980120253987,
    -0.8312306176648314]
  cam_t_m2c: [102.22374615630584, 185.91107208276009, 619.5089768975068]
  obj_bb: [277, 342, 158, 108]
  obj_id: 2
117:
- cam_R_m2c: [-0.11865426349004188, -0.9840084750434119, 0.13284760742435434, -0.9615979925929092,
    0.0805286238866117, -0.26238224287519235, 0.24748831567757598, -0.1588787644012512,
    -0.955775638853287]
  cam_t_m2c: [125.14844215678353, 82.28760282532824, 637.7555814540959]
  obj_bb: [308, 277, 151, 112]
  obj_id: 2
118:
- cam_R_m2c: [-0.13663086790938492, -0.9780103877250257, 0.15756804065632482, -0.9548829038579272,
    0.08768590481686137, -0.28374252768363944, 0.26368664329878516, -0.18922701603733372,
    -0.9458660003126372]
  cam_t_m2c: [103.90157037502924, 92.8706613633817, 636.4200359706624]
  obj_bb: [287, 288, 152, 114]
  obj_id: 2
119:
- cam_R_m2c: [-0.11790942129841407, -0.9778730763920712, 0.1728051354461999, -0.9549718781576358,
    0.06394964634794899, -0.2897225477246287, 0.2722610517447374, -0.1991850626916553,
    -0.9413815541550465]
  cam_t_m2c: [107.82027890563535, 99.92561881919521, 638.3893317837452]
  obj_bb: [291, 293, 152, 113]
  obj_id: 2
120:
- cam_R_m2c: [-0.0685708598546461, -0.9780228336465919, 0.1968994008235825, -0.9525806859689012,
    0.005537135138593952, -0.304235725800694, 0.2964592280530539, -0.20842427162004973,
    -0.9320253478859036]
  cam_t_m2c: [119.32181721143418, 117.02064989295624, 648.1836999712062]
